skypy/data/spectrum_templates/kcorrect_spec_nl.ecsv
# %ECSV 0.9
# ---
# meta:
#   origin:
#     citation: Michael R. Blanton and Sam Roweis 2007 AJ 133 734
#     bibcode: 2007AJ....133..734B
#     doi: 10.1086/510127
#     website: http://kcorrect.org
#     github: https://github.com/blanton144/kcorrect
# datatype:
# - name: spectral_axis
#   unit: angstrom
#   datatype: float32
# - name: flux_0
#   unit: erg s-1 cm-2 angstrom-1
#   datatype: float32
# - name: flux_1
#   unit: erg s-1 cm-2 angstrom-1
#   datatype: float32
# - name: flux_2
#   unit: erg s-1 cm-2 angstrom-1
#   datatype: float32
# - name: flux_3
#   unit: erg s-1 cm-2 angstrom-1
#   datatype: float32
# - name: flux_4
#   unit: erg s-1 cm-2 angstrom-1
#   datatype: float32
spectral_axis flux_0 flux_1 flux_2 flux_3 flux_4
[from data line 3076]
8409.35 1.3577551e-11 1.192232e-09 4.570878e-11 9.199397e-12 6.8733685e-11
8416.569 1.3573096e-11 1.1889354e-09 4.570757e-11 9.15021e-12 6.858412e-11
8423.795 1.35140996e-11 1.1927417e-09 4.5592585e-11 9.049579e-12 6.8456e-11
8431.027 1.3340189e-11 1.1854636e-09 4.5103546e-11 8.878261e-12 6.802732e-11
8438.266 1.3157174e-11 1.1670145e-09 4.452242e-11 8.7227985e-12 6.7505085e-11
8445.51 1.3164201e-11 1.1629699e-09 4.4433894e-11 8.727051e-12 6.7386964e-11
8452.761 1.3284889e-11 1.1744993e-09 4.4727114e-11 8.79467e-12 6.745021e-11
8460.018 1.33357336e-11 1.1755416e-09 4.48713e-11 8.787371e-12 6.725679e-11
8467.281 1.33645855e-11 1.167814e-09 4.4907224e-11 8.764e-12 6.70171e-11
8474.551 1.3482626e-11 1.174303e-09 4.518964e-11 8.797522e-12 6.7134846e-11
8481.826 1.3570999e-11 1.1883889e-09 4.539979e-11 8.817913e-12 6.734189e-11
8489.108 1.3434368e-11 1.1841909e-09 4.492141e-11 8.714615e-12 6.702563e-11
8496.396 1.3127742e-11 1.1571777e-09 4.395075e-11 8.527924e-12 6.6191996e-11
8503.691 1.30312905e-11 1.1380091e-09 4.362495e-11 8.475195e-12 6.570733e-11
8510.992 1.32614544e-11 1.1511676e-09 4.4308366e-11 8.568458e-12 6.6060754e-11
8518.299 1.3470292e-11 1.1761673e-09 4.497314e-11 8.615559e-12 6.66275e-11
8525.612 1.3427802e-11 1.1830559e-09 4.4815995e-11 8.53818e-12 6.666765e-11
8532.932 1.295433e-11 1.1620367e-09 4.333246e-11 8.211343e-12 6.576721e-11
8540.258 1.2249784e-11 1.1229803e-09 4.115424e-11 7.762801e-12 6.433309e-11
8547.59 1.2142161e-11 1.1011344e-09 4.0638885e-11 7.7412235e-12 6.391324e-11
8554.929 1.2833965e-11 1.1198288e-09 4.2429282e-11 8.226704e-12 6.517456e-11
8562.273 1.35281e-11 1.1527075e-09 4.4300473e-11 8.687162e-12 6.6785064e-11
8569.624 1.3795607e-11 1.1688692e-09 4.499885e-11 8.865191e-12 6.758375e-11
8576.981 1.3831082e-11 1.1610145e-09 4.5024692e-11 8.882473e-12 6.7517304e-11
8584.346 1.3777826e-11 1.131799e-09 4.4721792e-11 8.860669e-12 6.680999e-11
8591.716 1.3637303e-11 1.0901188e-09 4.408871e-11 8.829431e-12 6.572732e-11
8599.092 1.3508684e-11 1.0629789e-09 4.3534457e-11 8.795112e-12 6.500291e-11
8606.475 1.3497837e-11 1.0755753e-09 4.3476705e-11 8.766745e-12 6.523842e-11
8613.863 1.35804284e-11 1.1084156e-09 4.376594e-11 8.757826e-12 6.6003765e-11
8621.259 1.3724283e-11 1.1305503e-09 4.4167756e-11 8.805449e-12 6.6686566e-11
8628.66 1.38606045e-11 1.1372095e-09 4.448904e-11 8.873552e-12 6.706278e-11
8636.068 1.3904016e-11 1.1321296e-09 4.452915e-11 8.885413e-12 6.698481e-11
8643.483 1.3792047e-11 1.1139394e-09 4.40927e-11 8.805359e-12 6.6372866e-11
8650.903 1.3417467e-11 1.0785796e-09 4.2869302e-11 8.581379e-12 6.50992e-11
8658.331 1.27436455e-11 1.028756e-09 4.0796116e-11 8.175469e-12 6.317763e-11
8665.765 1.226577e-11 9.936365e-10 3.9346276e-11 7.886465e-12 6.183515e-11
8673.204 1.248272e-11 1.0018428e-09 3.9958876e-11 8.037407e-12 6.233748e-11
8680.65 1.2916458e-11 1.0348002e-09 4.125431e-11 8.301169e-12 6.37022e-11
8688.104 1.31811515e-11 1.0643949e-09 4.2059252e-11 8.431505e-12 6.476211e-11
8695.5625 1.3397679e-11 1.0840084e-09 4.2671783e-11 8.541165e-12 6.5512706e-11
8703.028 1.3604299e-11 1.0961396e-09 4.3225305e-11 8.658917e-12 6.610339e-11
8710.5 1.3783978e-11 1.1034846e-09 4.3650156e-11 8.781854e-12 6.654354e-11
8717.979 1.3896281e-11 1.1048489e-09 4.3809668e-11 8.904572e-12 6.668341e-11
8725.463 1.3872273e-11 1.0951545e-09 4.353755e-11 8.963888e-12 6.63102e-11
8732.954 1.36970955e-11 1.0694614e-09 4.2833407e-11 8.919056e-12 6.530374e-11
8740.452 1.3465422e-11 1.0276238e-09 4.192794e-11 8.849756e-12 6.377362e-11
8747.956 1.3292145e-11 9.860817e-10 4.113929e-11 8.8319e-12 6.237182e-11
8755.466 1.3273352e-11 9.771114e-10 4.089521e-11 8.8477056e-12 6.208309e-11
8762.983 1.3439919e-11 1.0052018e-09 4.1384528e-11 8.876631e-12 6.297977e-11
8770.507 1.3649287e-11 1.036466e-09 4.208126e-11 8.899558e-12 6.406323e-11
8778.036 1.3811722e-11 1.0528072e-09 4.2565448e-11 8.917973e-12 6.470787e-11
8785.572 1.3952096e-11 1.0616945e-09 4.291635e-11 8.929801e-12 6.4975705e-11
8793.115 1.3998749e-11 1.0663607e-09 4.302226e-11 8.896562e-12 6.494863e-11
8800.665 1.3842875e-11 1.0658119e-09 4.2588513e-11 8.799079e-12 6.4612087e-11
8808.221 1.36562775e-11 1.0625384e-09 4.199558e-11 8.72775e-12 6.42275e-11
8815.782 1.3699816e-11 1.0579657e-09 4.1939924e-11 8.770034e-12 6.4082385e-11
8823.352 1.382807e-11 1.0499998e-09 4.2157933e-11 8.822435e-12 6.396103e-11
8830.927 1.3867029e-11 1.0387298e-09 4.2176585e-11 8.836343e-12 6.3662e-11
8838.509 1.3830517e-11 1.0226257e-09 4.194745e-11 8.845239e-12 6.311213e-11
8846.097 1.3778848e-11 9.939833e-10 4.1580468e-11 8.858667e-12 6.208908e-11
8853.691 1.3689395e-11 9.492421e-10 4.1062514e-11 8.793528e-12 6.048373e-11
8861.293 1.3538946e-11 9.105283e-10 4.0483953e-11 8.6030315e-12 5.9062706e-11
8868.9 1.3446373e-11 9.114155e-10 4.0233095e-11 8.4224355e-12 5.9057335e-11
8876.515 1.3463105e-11 9.47742e-10 4.036592e-11 8.362252e-12 6.035315e-11
8884.136 1.3505404e-11 9.859482e-10 4.055906e-11 8.3835855e-12 6.1776806e-11
8891.763 1.3584602e-11 1.0098438e-09 4.079791e-11 8.436063e-12 6.277044e-11
8899.396 1.3717129e-11 1.0213976e-09 4.1121915e-11 8.498732e-12 6.343489e-11
8907.037 1.3793496e-11 1.0252257e-09 4.1270477e-11 8.535782e-12 6.3837644e-11
8914.685 1.3758897e-11 1.0251686e-09 4.114731e-11 8.519982e-12 6.392848e-11
8922.338 1.3718035e-11 1.0229355e-09 4.102799e-11 8.484362e-12 6.377771e-11
8929.998 1.3770635e-11 1.0188251e-09 4.113681e-11 8.4732455e-12 6.356145e-11
8937.665 1.38547385e-11 1.0121645e-09 4.133019e-11 8.4527645e-12 6.3189176e-11
8945.338 1.38803e-11 1.003199e-09 4.1314032e-11 8.391054e-12 6.2308166e-11
8953.019 1.3863424e-11 9.939656e-10 4.1065797e-11 8.3340765e-12 6.111041e-11
8960.705 1.3756027e-11 9.83349e-10 4.0630638e-11 8.26857e-12 6.007097e-11
8968.398 1.3588805e-11 9.727701e-10 4.017612e-11 8.188767e-12 5.9425014e-11
8976.098 1.3494308e-11 9.64564e-10 3.986545e-11 8.155192e-12 5.8982416e-11
8983.804 1.3360826e-11 9.493273e-10 3.9318163e-11 8.094119e-12 5.7710035e-11
8991.517 1.3207419e-11 9.291138e-10 3.8685978e-11 8.024358e-12 5.6110717e-11
8999.236 1.3210185e-11 9.0950375e-10 3.850854e-11 8.072312e-12 5.5478865e-11
9006.963 1.31525355e-11 8.7706903e-10 3.82441e-11 8.085704e-12 5.475833e-11
9014.695 1.3031457e-11 8.53967e-10 3.7929604e-11 8.044628e-12 5.4448644e-11
9022.436 1.3180687e-11 8.7680974e-10 3.846181e-11 8.147089e-12 5.6242476e-11
9030.182 1.3671307e-11 9.322582e-10 3.987529e-11 8.423413e-12 5.951471e-11
9037.935 1.42158915e-11 9.806687e-10 4.128599e-11 8.728699e-12 6.2482894e-11
9045.693 1.4488252e-11 1.0010832e-09 4.189529e-11 8.903402e-12 6.391689e-11
9053.46 1.4484381e-11 1.0006278e-09 4.1749465e-11 8.9172445e-12 6.389951e-11
9061.232 1.4412892e-11 9.912146e-10 4.1370556e-11 8.834243e-12 6.2965695e-11
9069.012 1.4317744e-11 9.781452e-10 4.0980063e-11 8.689597e-12 6.1592544e-11
9076.798 1.4057012e-11 9.644336e-10 4.0370984e-11 8.457568e-12 6.0226546e-11
9084.591 1.3672319e-11 9.53044e-10 3.9589793e-11 8.1920234e-12 5.9316795e-11
9092.391 1.35004265e-11 9.494749e-10 3.924254e-11 8.095621e-12 5.9266134e-11
9100.196 1.3689952e-11 9.568847e-10 3.954567e-11 8.247449e-12 5.976288e-11
9108.01 1.3981309e-11 9.712714e-10 3.995721e-11 8.472221e-12 6.0428516e-11
9115.829 1.4089543e-11 9.778249e-10 3.9980144e-11 8.570085e-12 6.088028e-11
9123.655 1.3959789e-11 9.641171e-10 3.9509052e-11 8.482165e-12 6.0159315e-11
9131.488 1.3767722e-11 9.440385e-10 3.8924607e-11 8.322651e-12 5.873859e-11
9139.328 1.3676891e-11 9.36782e-10 3.8720402e-11 8.214522e-12 5.8396e-11
9147.175 1.3688761e-11 9.367137e-10 3.8772197e-11 8.171232e-12 5.864887e-11
9155.027 1.3783037e-11 9.358723e-10 3.8932142e-11 8.18364e-12 5.869387e-11
9162.888 1.3830373e-11 9.383935e-10 3.901531e-11 8.199571e-12 5.912026e-11
9170.755 1.3582204e-11 9.344507e-10 3.8414067e-11 8.101314e-12 5.889501e-11
9178.628 1.3325735e-11 9.255317e-10 3.7779634e-11 8.0189405e-12 5.827223e-11
9186.508 1.3424982e-11 9.2954033e-10 3.7992196e-11 8.1040435e-12 5.894698e-11
9194.3955 1.359666e-11 9.419856e-10 3.8370526e-11 8.210846e-12 6.058159e-11
9202.289 1.3532578e-11 9.430834e-10 3.8120708e-11 8.202299e-12 6.161247e-11
9210.189 1.3297703e-11 9.2210467e-10 3.7325507e-11 8.117217e-12 6.091264e-11
9218.097 1.3143479e-11 8.838744e-10 3.6591095e-11 8.087002e-12 5.9098934e-11
9226.011 1.3204337e-11 8.472879e-10 3.6409688e-11 8.136683e-12 5.7638064e-11
9233.932 1.3365553e-11 8.4200275e-10 3.673986e-11 8.162453e-12 5.7456165e-11
9241.859 1.3531944e-11 8.7663365e-10 3.7331235e-11 8.148343e-12 5.861736e-11
9249.794 1.371387e-11 9.1790603e-10 3.7972094e-11 8.156604e-12 6.03083e-11
9257.735 1.3950569e-11 9.354255e-10 3.860859e-11 8.242966e-12 6.1660003e-11
9265.684 1.4177863e-11 9.351739e-10 3.9101434e-11 8.359278e-12 6.1972975e-11
9273.639 1.4221533e-11 9.333626e-10 3.9156185e-11 8.3463705e-12 6.0895324e-11
9281.601 1.4052106e-11 9.2601893e-10 3.8760953e-11 8.181683e-12 5.8695104e-11
9289.569 1.3831514e-11 9.089069e-10 3.8168916e-11 8.011633e-12 5.600384e-11
9297.545 1.3695905e-11 8.8692315e-10 3.762171e-11 7.947703e-12 5.351348e-11
9305.526 1.37689825e-11 8.665484e-10 3.754399e-11 8.061005e-12 5.2213858e-11
9313.516 1.4048775e-11 8.539688e-10 3.801143e-11 8.310721e-12 5.228381e-11
9321.512 1.4320482e-11 8.485858e-10 3.8519476e-11 8.512632e-12 5.27247e-11
9329.515 1.4459558e-11 8.459639e-10 3.8756796e-11 8.5923334e-12 5.2901076e-11
9337.524 1.4497825e-11 8.43925e-10 3.8760696e-11 8.604409e-12 5.28598e-11
9345.541 1.4489008e-11 8.4199914e-10 3.865027e-11 8.590608e-12 5.273999e-11
9353.564 1.4476616e-11 8.3999024e-10 3.8550153e-11 8.561728e-12 5.2621733e-11
9361.596 1.4487051e-11 8.3776913e-10 3.853154e-11 8.525305e-12 5.254263e-11
9369.633 1.4528898e-11 8.352989e-10 3.8587425e-11 8.501129e-12 5.2504553e-11
9377.677 1.4599454e-11 8.325402e-10 3.8681124e-11 8.5066815e-12 5.249547e-11
9385.728 1.4670286e-11 8.293754e-10 3.8753754e-11 8.530251e-12 5.2488437e-11
9393.786 1.4688799e-11 8.256034e-10 3.87179e-11 8.537624e-12 5.24406e-11
9401.851 1.4642357e-11 8.213773e-10 3.8555232e-11 8.5154505e-12 5.2339872e-11
9409.923 1.460689e-11 8.1767576e-10 3.839777e-11 8.496346e-12 5.224045e-11
9418.002 1.4657893e-11 8.154414e-10 3.8371976e-11 8.515803e-12 5.219723e-11
9426.088 1.475455e-11 8.1434753e-10 3.839672e-11 8.560558e-12 5.2184083e-11
9434.18 1.4776656e-11 8.132451e-10 3.8248377e-11 8.5849374e-12 5.2120024e-11
9442.279 1.4685008e-11 8.114009e-10 3.786633e-11 8.570796e-12 5.1975726e-11
9450.387 1.460934e-11 8.0880275e-10 3.7532547e-11 8.5557655e-12 5.182892e-11
9458.5 1.4689012e-11 8.0569207e-10 3.754158e-11 8.581955e-12 5.176485e-11
9466.62 1.488916e-11 8.024492e-10 3.7814172e-11 8.640574e-12 5.176708e-11
9474.748 1.5070358e-11 7.995277e-10 3.805156e-11 8.69214e-12 5.175766e-11
9482.883 1.514994e-11 7.969269e-10 3.8090132e-11 8.711633e-12 5.168267e-11
9491.023 1.51276e-11 7.9389273e-10 3.7973277e-11 8.696497e-12 5.151204e-11
9499.172 1.503674e-11 7.896095e-10 3.7786222e-11 8.654094e-12 5.123829e-11
9507.328 1.4934139e-11 7.8372286e-10 3.757824e-11 8.605542e-12 5.087932e-11
9515.49 1.4877958e-11 7.7574097e-10 3.737372e-11 8.578594e-12 5.0435073e-11
9523.659 1.4869531e-11 7.643144e-10 3.713916e-11 8.5777245e-12 4.9865494e-11
9531.836 1.4831367e-11 7.4708384e-10 3.6765632e-11 8.575083e-12 4.908742e-11
9540.02 1.4713902e-11 7.247196e-10 3.6227455e-11 8.5488856e-12 4.8135107e-11
9548.21 1.4597167e-11 7.069308e-10 3.5777648e-11 8.515495e-12 4.7395043e-11
9556.407 1.4607742e-11 7.0621264e-10 3.5760544e-11 8.506184e-12 4.7365955e-11
9564.612 1.4762271e-11 7.2265344e-10 3.6194756e-11 8.530294e-12 4.8062634e-11
9572.823 1.4959001e-11 7.427897e-10 3.6746592e-11 8.574393e-12 4.8971088e-11
9581.042 1.510745e-11 7.5548845e-10 3.7137644e-11 8.620936e-12 4.965336e-11
9589.269 1.519175e-11 7.603333e-10 3.7355213e-11 8.6518475e-12 5.0050578e-11
9597.501 1.5227377e-11 7.6077644e-10 3.7483655e-11 8.65344e-12 5.024943e-11
9605.741 1.523852e-11 7.58896e-10 3.75729e-11 8.63327e-12 5.032384e-11
9613.987 1.5256872e-11 7.5572215e-10 3.764307e-11 8.616014e-12 5.0334934e-11
9622.241 1.5290342e-11 7.520872e-10 3.7683915e-11 8.612826e-12 5.0315002e-11
9630.503 1.5301035e-11 7.4921397e-10 3.764301e-11 8.605218e-12 5.0263765e-11
9638.7705 1.52541e-11 7.479847e-10 3.7485657e-11 8.573417e-12 5.0175697e-11
9647.046 1.5177143e-11 7.4772505e-10 3.7284745e-11 8.527145e-12 5.0069043e-11
9655.329 1.513166e-11 7.469678e-10 3.717029e-11 8.492445e-12 4.9975336e-11
9663.618 1.5145055e-11 7.450944e-10 3.71859e-11 8.483513e-12 4.9908244e-11
9671.915 1.519611e-11 7.4263473e-10 3.7251053e-11 8.497954e-12 4.985708e-11
9680.219 1.5252516e-11 7.4018885e-10 3.7279332e-11 8.525374e-12 4.9804983e-11
9688.529 1.5287051e-11 7.377433e-10 3.7257007e-11 8.545558e-12 4.9736243e-11
9696.848 1.5277685e-11 7.350564e-10 3.720112e-11 8.536888e-12 4.9637752e-11
9705.173 1.5223415e-11 7.3224615e-10 3.7117462e-11 8.498041e-12 4.9511492e-11
9713.505 1.514237e-11 7.298301e-10 3.6997412e-11 8.447197e-12 4.9374053e-11
9721.845 1.5048372e-11 7.280747e-10 3.682827e-11 8.400231e-12 4.9237295e-11
9730.19 1.4943534e-11 7.265507e-10 3.6601364e-11 8.362744e-12 4.910003e-11
9738.545 1.483451e-11 7.247269e-10 3.6331493e-11 8.336564e-12 4.8960558e-11
9746.905 1.4756174e-11 7.225951e-10 3.6104345e-11 8.323094e-12 4.883126e-11
9755.273 1.4760837e-11 7.2044587e-10 3.604754e-11 8.323656e-12 4.8733215e-11
9763.649 1.4848515e-11 7.184099e-10 3.6170626e-11 8.332378e-12 4.8667705e-11
9772.031 1.4934207e-11 7.163606e-10 3.6295574e-11 8.330988e-12 4.8604166e-11
9780.421 1.4954243e-11 7.141526e-10 3.6283795e-11 8.31081e-12 4.852145e-11
9788.818 1.4961532e-11 7.1179707e-10 3.6233568e-11 8.296354e-12 4.8444856e-11
9797.223 1.504538e-11 7.09372e-10 3.6320464e-11 8.319917e-12 4.841222e-11
9805.634 1.5204905e-11 7.0693257e-10 3.655502e-11 8.375682e-12 4.8415997e-11
9814.052 1.535364e-11 7.045185e-10 3.6792038e-11 8.422115e-12 4.8405266e-11
9822.478 1.5427078e-11 7.021551e-10 3.690938e-11 8.433242e-12 4.8346382e-11
9830.911 1.5430919e-11 6.9984857e-10 3.6877907e-11 8.424488e-12 4.8253183e-11
9839.352 1.5391027e-11 6.9759e-10 3.670964e-11 8.418284e-12 4.8149148e-11
9847.799 1.5321702e-11 6.953408e-10 3.6446797e-11 8.414926e-12 4.803804e-11
9856.253 1.5230503e-11 6.9304357e-10 3.6143106e-11 8.403779e-12 4.7913725e-11
9864.715 1.5131646e-11 6.9064554e-10 3.5845427e-11 8.382907e-12 4.777895e-11
9873.185 1.5053042e-11 6.88094e-10 3.5606657e-11 8.361393e-12 4.764963e-11
9881.661 1.5015133e-11 6.8537415e-10 3.5464076e-11 8.345035e-12 4.753944e-11
9890.145 1.5014968e-11 6.8256867e-10 3.5416746e-11 8.32743e-12 4.745051e-11
9898.636 1.504405e-11 6.798307e-10 3.5451093e-11 8.301915e-12 4.7380964e-11
9907.135 1.510289e-11 6.7740896e-10 3.5552478e-11 8.277094e-12 4.732926e-11
9915.64 1.5197635e-11 6.7561107e-10 3.570496e-11 8.2712335e-12 4.7294127e-11
9924.153 1.5319072e-11 6.7440104e-10 3.5876795e-11 8.289721e-12 4.7268252e-11
9932.674 1.5431306e-11 6.7321265e-10 3.6005827e-11 8.317673e-12 4.7233578e-11
9941.201 1.5505526e-11 6.7155786e-10 3.6050166e-11 8.3399156e-12 4.7176936e-11
9949.736 1.5546814e-11 6.694654e-10 3.6035366e-11 8.35333e-12 4.7103377e-11
9958.278 1.5573343e-11 6.671678e-10 3.600892e-11 8.359864e-12 4.7023073e-11
9966.828 1.5598592e-11 6.6483036e-10 3.59939e-11 8.361209e-12 4.6937208e-11
9975.385 1.5631241e-11 6.6249894e-10 3.599199e-11 8.358474e-12 4.6837145e-11
9983.949 1.5668331e-11 6.5985617e-10 3.59779e-11 8.35325e-12 4.6703152e-11
9992.5205 1.5691433e-11 6.5607764e-10 3.5890995e-11 8.348615e-12 4.6501445e-11
10001.1 1.5686308e-11 6.506086e-10 3.5690097e-11 8.346809e-12 4.6212284e-11
10009.686 1.565921e-11 6.4393746e-10 3.5406563e-11 8.3471025e-12 4.5862952e-11
10018.279 1.5622403e-11 6.3702216e-10 3.5101033e-11 8.346739e-12 4.5503434e-11
10026.881 1.5580098e-11 6.307037e-10 3.482005e-11 8.341847e-12 4.5180415e-11
10035.489 1.5532159e-11 6.2541883e-10 3.458545e-11 8.329926e-12 4.4919245e-11
10044.105 1.5480117e-11 6.209231e-10 3.4386497e-11 8.312688e-12 4.4705226e-11
