skypy/data/spectrum_templates/kcorrect_rawspec_nl.ecsv
# %ECSV 0.9
# ---
# meta:
#   origin:
#     citation: Michael R. Blanton and Sam Roweis 2007 AJ 133 734
#     bibcode: 2007AJ....133..734B
#     doi: 10.1086/510127
#     website: http://kcorrect.org
#     github: https://github.com/blanton144/kcorrect
# datatype:
# - name: spectral_axis
#   unit: angstrom
#   datatype: float32
# - name: flux_0
#   unit: erg s-1 cm-2 angstrom-1
#   datatype: float32
# - name: flux_1
#   unit: erg s-1 cm-2 angstrom-1
#   datatype: float32
# - name: flux_2
#   unit: erg s-1 cm-2 angstrom-1
#   datatype: float32
# - name: flux_3
#   unit: erg s-1 cm-2 angstrom-1
#   datatype: float32
# - name: flux_4
#   unit: erg s-1 cm-2 angstrom-1
#   datatype: float32
spectral_axis flux_0 flux_1 flux_2 flux_3 flux_4
[from data line 411]
854.1168 1.2032733e-14 2.699043e-08 3.1362055e-13 1.6302828e-13 2.6239622e-13
854.8501 1.2000027e-14 2.6949706e-08 3.1289722e-13 1.626101e-13 2.618194e-13
855.58405 1.19936935e-14 2.699856e-08 3.1245644e-13 1.6241598e-13 2.614163e-13
856.3186 1.1992259e-14 2.7064049e-08 3.1206813e-13 1.6226345e-13 2.6104547e-13
857.0538 1.1991181e-14 2.713076e-08 3.1168368e-13 1.6211397e-13 2.6067703e-13
857.78955 1.1990209e-14 2.7197826e-08 3.1130036e-13 1.6196538e-13 2.6030927e-13
858.526 1.1989228e-14 2.726486e-08 3.109169e-13 1.6181673e-13 2.5994146e-13
859.2631 1.1988242e-14 2.7331877e-08 3.1053342e-13 1.6166802e-13 2.5957359e-13
860.0008 1.19872535e-14 2.739889e-08 3.101499e-13 1.6151929e-13 2.5920574e-13
860.73914 1.1986266e-14 2.7465902e-08 3.097664e-13 1.6137058e-13 2.5883787e-13
861.47815 1.1985277e-14 2.7532911e-08 3.093829e-13 1.6122187e-13 2.5847e-13
862.2178 1.1984293e-14 2.7599935e-08 3.089994e-13 1.6107315e-13 2.5810216e-13
862.958 1.1983328e-14 2.7667031e-08 3.086161e-13 1.6092458e-13 2.5773445e-13
863.6989 1.19824305e-14 2.7734371e-08 3.0823342e-13 1.607764e-13 2.5736715e-13
864.4404 1.1981227e-14 2.7800601e-08 3.0784796e-13 1.606264e-13 2.569979e-13
865.18256 1.1976982e-14 2.7855732e-08 3.074351e-13 1.6045821e-13 2.566086e-13
865.92535 1.19604694e-14 2.7866124e-08 3.0691164e-13 1.6021676e-13 2.5613853e-13
866.6688 1.194451e-14 2.7878528e-08 3.0639318e-13 1.599786e-13 2.5567208e-13
867.41284 1.19285016e-14 2.789076e-08 3.0587425e-13 1.5974015e-13 2.5520533e-13
868.1576 1.1912465e-14 2.7902885e-08 3.0535508e-13 1.5950155e-13 2.5473842e-13
868.90295 1.1896419e-14 2.7914982e-08 3.0483583e-13 1.5926286e-13 2.542714e-13
869.6489 1.1880375e-14 2.7927083e-08 3.043166e-13 1.590242e-13 2.5380446e-13
870.39557 1.1864331e-14 2.7939182e-08 3.0379738e-13 1.5878553e-13 2.5333747e-13
871.1428 1.1848286e-14 2.7951282e-08 3.0327815e-13 1.5854688e-13 2.5287048e-13
871.89075 1.1832242e-14 2.7963383e-08 3.027589e-13 1.5830822e-13 2.5240349e-13
872.6393 1.18161986e-14 2.797548e-08 3.0223968e-13 1.5806956e-13 2.5193652e-13
873.3885 1.1800154e-14 2.798759e-08 3.0172045e-13 1.5783089e-13 2.5146953e-13
874.1383 1.1784105e-14 2.7999748e-08 3.0120115e-13 1.5759212e-13 2.5100256e-13
874.8888 1.17680236e-14 2.8012352e-08 3.0068146e-13 1.573526e-13 2.5053546e-13
875.63995 1.17493575e-14 2.805985e-08 3.0013012e-13 1.5705349e-13 2.500611e-13
876.3917 1.1730275e-14 2.811294e-08 2.9957373e-13 1.5674482e-13 2.495856e-13
877.1441 1.1711162e-14 2.8166447e-08 2.9901694e-13 1.5643544e-13 2.4911e-13
877.8972 1.169204e-14 2.8220077e-08 2.9846007e-13 1.5612586e-13 2.486344e-13
878.6509 1.1672919e-14 2.8273698e-08 2.9790317e-13 1.5581628e-13 2.4815875e-13
879.4053 1.1653799e-14 2.832731e-08 2.973463e-13 1.5550672e-13 2.4768317e-13
880.1603 1.1634677e-14 2.8380924e-08 2.9678942e-13 1.5519717e-13 2.4720753e-13
880.9159 1.1615558e-14 2.8434537e-08 2.9623258e-13 1.5488762e-13 2.4673194e-13
881.67224 1.1596436e-14 2.8488149e-08 2.9567567e-13 1.5457805e-13 2.462563e-13
882.4292 1.1577316e-14 2.8541756e-08 2.951188e-13 1.542685e-13 2.457807e-13
883.18677 1.1558195e-14 2.8595345e-08 2.9456196e-13 1.5395899e-13 2.453051e-13
883.945 1.1539075e-14 2.8648863e-08 2.9400514e-13 1.536495e-13 2.4482952e-13
884.7039 1.15199556e-14 2.8702823e-08 2.9344807e-13 1.5333963e-13 2.4435377e-13
885.4635 1.15007135e-14 2.8726177e-08 2.9290703e-13 1.5305709e-13 2.4388803e-13
886.2237 1.14814e-14 2.8731701e-08 2.9237534e-13 1.5279047e-13 2.434281e-13
886.98456 1.1462084e-14 2.8736617e-08 2.9184394e-13 1.5252438e-13 2.4296835e-13
887.7461 1.1442769e-14 2.8741589e-08 2.9131255e-13 1.5225827e-13 2.425086e-13
888.50824 1.1423453e-14 2.8746593e-08 2.9078113e-13 1.5199212e-13 2.420488e-13
889.27106 1.1404137e-14 2.8751602e-08 2.9024968e-13 1.5172596e-13 2.4158903e-13
890.03455 1.13848225e-14 2.8756615e-08 2.8971825e-13 1.5145979e-13 2.4112927e-13
890.79865 1.13655076e-14 2.8761626e-08 2.891868e-13 1.5119362e-13 2.4066952e-13
891.5635 1.1346191e-14 2.8766632e-08 2.8865538e-13 1.5092746e-13 2.4020973e-13
892.3289 1.132687e-14 2.8771602e-08 2.8812388e-13 1.5066126e-13 2.3974995e-13
893.095 1.1307534e-14 2.8776467e-08 2.8759222e-13 1.5039494e-13 2.3929006e-13
893.86176 1.1288269e-14 2.8781843e-08 2.8706134e-13 1.5012918e-13 2.3883058e-13
894.62915 1.1269311e-14 2.8789424e-08 2.8653382e-13 1.4986573e-13 2.383729e-13
895.3973 1.1242478e-14 2.8740265e-08 2.859201e-13 1.4954233e-13 2.3786862e-13
896.166 1.12088226e-14 2.8641951e-08 2.8523174e-13 1.4916696e-13 2.3732394e-13
896.93536 1.1175315e-14 2.8544699e-08 2.8454498e-13 1.4879271e-13 2.367801e-13
897.70544 1.1141823e-14 2.8447566e-08 2.838584e-13 1.4841859e-13 2.3623638e-13
898.47614 1.1108338e-14 2.8350467e-08 2.831719e-13 1.4804453e-13 2.3569268e-13
899.24756 1.1074852e-14 2.8253366e-08 2.8248535e-13 1.4767045e-13 2.3514898e-13
900.0196 1.1041365e-14 2.8156265e-08 2.8179884e-13 1.4729636e-13 2.3460525e-13
900.7923 1.1007878e-14 2.8059162e-08 2.811123e-13 1.4692227e-13 2.3406158e-13
901.5657 1.0974391e-14 2.7962077e-08 2.804258e-13 1.4654819e-13 2.3351804e-13
902.33966 1.0940903e-14 2.7865045e-08 2.797393e-13 1.4617407e-13 2.32975e-13
903.1144 1.0907418e-14 2.7767767e-08 2.7905266e-13 1.4580007e-13 2.3242966e-13
903.8897 1.08739455e-14 2.766943e-08 2.7836528e-13 1.4542665e-13 2.318745e-13
904.6658 1.08405665e-14 2.7562614e-08 2.7767206e-13 1.4505778e-13 2.3124065e-13
905.44244 1.08043305e-14 2.7714545e-08 2.771566e-13 1.4455022e-13 2.3300754e-13
906.2198 1.0766052e-14 2.8051756e-08 2.7676835e-13 1.4394336e-13 2.364935e-13
906.99786 1.0727819e-14 2.8384585e-08 2.7637712e-13 1.4333885e-13 2.3993882e-13
907.77655 1.06896015e-14 2.8716139e-08 2.7598502e-13 1.4273501e-13 2.4337227e-13
908.5559 1.0651384e-14 2.904781e-08 2.7559297e-13 1.4213114e-13 2.468068e-13
909.33594 1.0613165e-14 2.9379546e-08 2.75201e-13 1.4152723e-13 2.5024194e-13
910.11664 1.0574943e-14 2.9711284e-08 2.7480898e-13 1.4092326e-13 2.536772e-13
910.898 1.0536715e-14 3.0042933e-08 2.7441677e-13 1.4031921e-13 2.5711234e-13
911.68005 1.04984575e-14 3.0374302e-08 2.7402394e-13 1.397148e-13 2.605471e-13
912.46277 1.04603334e-14 3.070701e-08 2.7363412e-13 1.3911207e-13 2.6398369e-13
913.24615 1.0422799e-14 3.1045627e-08 2.7325765e-13 1.3851667e-13 2.6742855e-13
914.0302 1.0387205e-14 3.1403705e-08 2.7292524e-13 1.3794545e-13 2.7090054e-13
914.81494 1.0343359e-14 3.1679036e-08 2.7240563e-13 1.372714e-13 2.742571e-13
915.60034 1.0715235e-14 3.6122728e-08 2.8131352e-13 1.4177804e-13 2.834273e-13
916.3864 1.1184351e-14 4.1541426e-08 2.9242656e-13 1.4749648e-13 2.939573e-13
917.1732 1.1669343e-14 4.7119315e-08 3.038996e-13 1.5341274e-13 3.0470936e-13
917.96063 1.21528755e-14 5.268255e-08 3.153395e-13 1.5931082e-13 3.1544095e-13
918.7487 1.26356004e-14 5.82377e-08 3.2676113e-13 1.6519883e-13 3.2616127e-13
919.53754 1.3118095e-14 6.3790544e-08 3.3817754e-13 1.7108399e-13 3.3687837e-13
920.32697 1.3600613e-14 6.93436e-08 3.4959443e-13 1.769694e-13 3.4759573e-13
921.1171 1.40831425e-14 7.489677e-08 3.610116e-13 1.8285498e-13 3.5831326e-13
921.90796 1.4565668e-14 8.045002e-08 3.7242884e-13 1.8874058e-13 3.6903106e-13
922.6994 1.5048174e-14 8.600348e-08 3.8384617e-13 1.9462616e-13 3.7974997e-13
923.4916 1.5530607e-14 9.155768e-08 3.9526374e-13 2.005117e-13 3.904725e-13
924.2845 1.601339e-14 9.7108355e-08 4.0668003e-13 2.0639745e-13 4.0117752e-13
925.078 1.650021e-14 1.0261849e-07 4.1808115e-13 2.1228569e-13 4.116817e-13
925.8722 1.701418e-14 1.0785614e-07 4.293804e-13 2.1819055e-13 4.2083508e-13
926.6671 1.7529116e-14 1.13084035e-07 4.4067595e-13 2.2409604e-13 4.2994026e-13
927.4627 1.8044121e-14 1.183113e-07 4.519713e-13 2.3000156e-13 4.3904214e-13
928.259 1.8559154e-14 1.2353823e-07 4.632665e-13 2.359071e-13 4.4814247e-13
929.0559 1.9074198e-14 1.2876508e-07 4.7456174e-13 2.4181262e-13 4.5724237e-13
929.8535 1.958924e-14 1.3399195e-07 4.858569e-13 2.4771816e-13 4.6634224e-13
930.65186 2.0104286e-14 1.3921884e-07 4.971521e-13 2.5362378e-13 4.7544195e-13
931.45087 2.0619315e-14 1.4444561e-07 5.084473e-13 2.5952916e-13 4.8454264e-13
932.25055 2.1134273e-14 1.4967188e-07 5.1974207e-13 2.654338e-13 4.9364766e-13
933.0509 2.1649003e-14 1.5489647e-07 5.310357e-13 2.7133596e-13 5.027668e-13
933.852 2.2164853e-14 1.601292e-07 5.4233484e-13 2.7725028e-13 5.1181715e-13
934.65375 2.268545e-14 1.6539632e-07 5.5365673e-13 2.832163e-13 5.205767e-13
935.4562 2.31058e-14 1.6993692e-07 5.6449604e-13 2.8809092e-13 5.3548095e-13
936.25934 2.3459873e-14 1.7399722e-07 5.7501627e-13 2.9224396e-13 5.544476e-13
937.0631 2.3815305e-14 1.780674e-07 5.85543e-13 2.9641185e-13 5.733309e-13
937.8676 2.4170927e-14 1.821389e-07 5.9607066e-13 3.0058174e-13 5.922028e-13
938.67285 2.4526601e-14 1.8621078e-07 6.065986e-13 3.047522e-13 6.110713e-13
939.4787 2.488227e-14 1.9028265e-07 6.1712647e-13 3.0892262e-13 6.299403e-13
940.2853 2.5237933e-14 1.9435447e-07 6.2765423e-13 3.13093e-13 6.488098e-13
941.0926 2.5593604e-14 1.9842638e-07 6.381823e-13 3.1726347e-13 6.6767766e-13
941.9006 2.594931e-14 2.0249884e-07 6.487117e-13 3.214344e-13 6.8653845e-13
942.7092 2.6305135e-14 2.0657299e-07 6.592452e-13 3.2560686e-13 7.053762e-13
943.51855 2.6660394e-14 2.106388e-07 6.697584e-13 3.2977188e-13 7.243267e-13
944.3286 2.7013287e-14 2.1466936e-07 6.801863e-13 3.3390505e-13 7.4375293e-13
945.13934 2.7345795e-14 2.1839645e-07 6.8987866e-13 3.3776476e-13 7.672763e-13
945.9508 2.7560667e-14 2.2037233e-07 6.9532715e-13 3.400462e-13 8.1444075e-13
946.76294 2.777423e-14 2.2232868e-07 7.007283e-13 3.4231008e-13 8.6186874e-13
947.57574 2.798765e-14 2.2428294e-07 7.061244e-13 3.4457205e-13 9.093252e-13
948.3893 2.820103e-14 2.2623658e-07 7.1151895e-13 3.4683348e-13 9.5679e-13
949.20355 2.8414415e-14 2.2819027e-07 7.1691367e-13 3.4909494e-13 1.0042539e-12
950.0185 2.86278e-14 2.30144e-07 7.223085e-13 3.5135642e-13 1.0517174e-12
950.8341 2.884119e-14 2.3209776e-07 7.2770327e-13 3.5361796e-13 1.099181e-12
951.65045 2.905459e-14 2.3405164e-07 7.3309815e-13 3.5587952e-13 1.1466458e-12
952.46747 2.9268034e-14 2.3600592e-07 7.384931e-13 3.5814141e-13 1.1941145e-12
953.2852 2.948127e-14 2.3795823e-07 7.438875e-13 3.6040195e-13 1.2415641e-12
954.10364 2.9693624e-14 2.3990228e-07 7.492795e-13 3.626569e-13 1.2889339e-12
954.9228 2.9898383e-14 2.4177493e-07 7.5465063e-13 3.6486325e-13 1.3356135e-12
955.7426 2.9913328e-14 2.4186355e-07 7.5950113e-13 3.6585708e-13 1.3650507e-12
956.5632 2.990255e-14 2.417104e-07 7.642811e-13 3.666866e-13 1.3921516e-12
957.3844 2.9889753e-14 2.4153832e-07 7.690555e-13 3.6750323e-13 1.419069e-12
958.20636 2.9876367e-14 2.4136074e-07 7.738283e-13 3.6831616e-13 1.4459332e-12
959.029 2.986304e-14 2.4118367e-07 7.7860125e-13 3.6912942e-13 1.4728026e-12
959.85236 2.9849753e-14 2.4100692e-07 7.8337445e-13 3.699429e-13 1.499675e-12
960.67645 2.9836454e-14 2.408301e-07 7.8814727e-13 3.707563e-13 1.5265469e-12
961.5012 2.9823112e-14 2.406527e-07 7.929188e-13 3.7156915e-13 1.553415e-12
962.3267 2.980962e-14 2.4047333e-07 7.976862e-13 3.7238024e-13 1.58027e-12
963.1529 2.979687e-14 2.403036e-07 8.0247446e-13 3.7320011e-13 1.6071898e-12
963.9798 2.9787194e-14 2.4017407e-07 8.0735044e-13 3.7405685e-13 1.6343797e-12
964.80743 2.9804518e-14 2.4039656e-07 8.12995e-13 3.7523638e-13 1.6639381e-12
965.63574 2.8853537e-14 2.2799256e-07 7.9107744e-13 3.6484013e-13 1.6085542e-12
966.4648 2.770982e-14 2.1307542e-07 7.6367406e-13 3.5213984e-13 1.5362637e-12
967.29456 2.6551098e-14 1.979626e-07 7.3584346e-13 3.3926022e-13 1.4626568e-12
968.125 2.5388015e-14 1.8279292e-07 7.078888e-13 3.2632843e-13 1.3886674e-12
968.9562 2.4225356e-14 1.6762878e-07 6.799462e-13 3.1340176e-13 1.3147152e-12
969.7881 2.306292e-14 1.5246749e-07 6.5200986e-13 3.004777e-13 1.2407818e-12
970.62067 2.1900562e-14 1.3730728e-07 6.240758e-13 2.8755462e-13 1.1668571e-12
971.454 2.073828e-14 1.2214808e-07 5.96144e-13 2.7463242e-13 1.0929447e-12
972.288 1.9576265e-14 1.069923e-07 5.682199e-13 2.6171342e-13 1.0190735e-12
973.1228 1.8412904e-14 9.181905e-08 5.4025686e-13 2.4877837e-13 9.449939e-13
973.95825 1.7243966e-14 7.6573336e-08 5.121323e-13 2.3577687e-13 8.7004915e-13
974.79443 1.602577e-14 6.0687405e-08 4.825809e-13 2.2218828e-13 7.874628e-13
975.63135 1.6251242e-14 6.3563824e-08 4.9484445e-13 2.2580512e-13 9.288248e-13
976.46893 1.677287e-14 7.028914e-08 5.1568596e-13 2.3295152e-13 1.1161277e-12
977.3073 1.7317736e-14 7.7316464e-08 5.372006e-13 2.4037483e-13 1.3070351e-12
978.14636 1.7869342e-14 8.443141e-08 5.5891045e-13 2.4787849e-13 1.4989884e-12
978.98615 1.842028e-14 9.153763e-08 5.8060083e-13 2.5537415e-13 1.6908377e-12
979.82666 1.8970866e-14 9.8639354e-08 6.0228125e-13 2.6286568e-13 1.8826336e-12
980.66785 1.9521363e-14 1.0573986e-07 6.2395895e-13 2.7035614e-13 2.0744138e-12
981.5098 2.0071887e-14 1.1284066e-07 6.456377e-13 2.7784692e-13 2.2661929e-12
982.3525 2.0622467e-14 1.1994206e-07 6.6731874e-13 2.853385e-13 2.4579653e-12
983.19586 2.1172781e-14 1.270407e-07 6.889884e-13 2.9282626e-13 2.649777e-12
984.04 2.1721989e-14 1.3412783e-07 7.1061044e-13 3.0029776e-13 2.841752e-12
984.8848 2.226161e-14 1.4111485e-07 7.318186e-13 3.0762846e-13 3.035143e-12
985.7304 2.2310114e-14 1.429759e-07 7.318373e-13 3.0774946e-13 3.3010463e-12
986.57666 2.228255e-14 1.4404303e-07 7.2857394e-13 3.0675375e-13 3.578181e-12
987.4237 2.2248964e-14 1.4504727e-07 7.2505077e-13 3.0566963e-13 3.856205e-12
988.2714 2.2213629e-14 1.4603329e-07 7.2145214e-13 3.0455984e-13 4.1344866e-12
989.1199 2.2178474e-14 1.4702114e-07 7.178611e-13 3.0345266e-13 4.4127414e-12
989.9691 2.2143406e-14 1.4800996e-07 7.1427407e-13 3.0234682e-13 4.690982e-12
990.81903 2.210835e-14 1.4899885e-07 7.106876e-13 3.0124116e-13 4.969229e-12
991.6697 2.2073213e-14 1.499869e-07 7.0709936e-13 3.0013462e-13 5.247526e-12
992.52106 2.2037832e-14 1.509723e-07 7.035054e-13 2.9902534e-13 5.5259803e-12
993.3732 2.2003692e-14 1.5197111e-07 6.999401e-13 2.9792979e-13 5.803635e-12
994.2261 2.1974654e-14 1.530252e-07 6.9649364e-13 2.9689069e-13 6.0779927e-12
995.07965 2.1990652e-14 1.5456703e-07 6.9409436e-13 2.963498e-13 6.3232683e-12
995.93396 2.2343631e-14 1.597584e-07 6.995309e-13 2.9953668e-13 6.350934e-12
996.789 2.2712684e-14 1.6512385e-07 7.0534117e-13 3.029013e-13 6.3682193e-12
997.6448 2.3083101e-14 1.7050405e-07 7.111831e-13 3.0628107e-13 6.384625e-12
998.5013 2.345391e-14 1.7588853e-07 7.1703423e-13 3.0966516e-13 6.4007766e-12
999.3586 2.3824682e-14 1.812726e-07 7.228844e-13 3.1304882e-13 6.4169546e-12
1000.21655 2.4195433e-14 1.8665645e-07 7.287342e-13 3.1643226e-13 6.4331483e-12
1001.07526 2.4566168e-14 1.920401e-07 7.345836e-13 3.1981557e-13 6.449335e-12
1001.93475 2.4936867e-14 1.974232e-07 7.404318e-13 3.2319842e-13 6.4654775e-12
1002.7949 2.5307434e-14 2.0280449e-07 7.462764e-13 3.2657983e-13 6.48148e-12
1003.6559 2.5678668e-14 2.0819516e-07 7.5213994e-13 3.299686e-13 6.498204e-12
1004.5176 2.605262e-14 2.1362435e-07 7.580812e-13 3.3338775e-13 6.517876e-12
1005.38 2.6303165e-14 2.1730698e-07 7.604986e-13 3.3543185e-13 6.4037838e-12
1006.24316 2.6393523e-14 2.1872256e-07 7.58342e-13 3.356911e-13 6.1160643e-12
1007.10706 2.6487794e-14 2.2019354e-07 7.5629715e-13 3.3599396e-13 5.832587e-12
1007.9717 2.6582423e-14 2.2166958e-07 7.542625e-13 3.363008e-13 5.549496e-12
1008.8371 2.6677154e-14 2.2314708e-07 7.522308e-13 3.3660883e-13 5.266518e-12
1009.7032 2.6771879e-14 2.2462444e-07 7.501988e-13 3.3691672e-13 4.983528e-12
1010.57007 2.6866601e-14 2.2610179e-07 7.4816683e-13 3.372246e-13 4.7005316e-12
1011.4377 2.6961296e-14 2.2757884e-07 7.46134e-13 3.3753217e-13 4.4175366e-12
1012.306 2.7055865e-14 2.2905476e-07 7.440975e-13 3.378382e-13 4.1345534e-12
1013.1752 2.7150047e-14 2.3052705e-07 7.420495e-13 3.3813954e-13 3.851606e-12
1014.04504 2.7246245e-14 2.3201807e-07 7.400613e-13 3.3846542e-13 3.5684715e-12
1014.9156 2.7326625e-14 2.3336224e-07 7.37604e-13 3.3859845e-13 3.2868057e-12
1015.787 2.6785725e-14 2.2893792e-07 7.1672047e-13 3.311569e-13 3.0628503e-12
1016.65906 2.6161646e-14 2.2374131e-07 6.933702e-13 3.2270128e-13 2.8466205e-12
