skypy/data/spectrum_templates/kcorrect_spec_nd.ecsv
# %ECSV 0.9
# ---
# meta:
#   origin:
#     citation: Michael R. Blanton and Sam Roweis 2007 AJ 133 734
#     bibcode: 2007AJ....133..734B
#     doi: 10.1086/510127
#     website: http://kcorrect.org
#     github: https://github.com/blanton144/kcorrect
# datatype:
# - name: spectral_axis
#   unit: angstrom
#   datatype: float32
# - name: flux_0
#   unit: erg s-1 cm-2 angstrom-1
#   datatype: float32
# - name: flux_1
#   unit: erg s-1 cm-2 angstrom-1
#   datatype: float32
# - name: flux_2
#   unit: erg s-1 cm-2 angstrom-1
#   datatype: float32
# - name: flux_3
#   unit: erg s-1 cm-2 angstrom-1
#   datatype: float32
# - name: flux_4
#   unit: erg s-1 cm-2 angstrom-1
#   datatype: float32
spectral_axis flux_0 flux_1 flux_2 flux_3 flux_4
[from data line 5969]
100689.24 4.5167774e-14 9.037338e-14 3.199033e-14 8.045102e-15 2.6127788e-14
100775.69 4.5113683e-14 9.026753e-14 3.1951943e-14 8.035656e-15 2.6097063e-14
100862.21 4.5059588e-14 9.016166e-14 3.191355e-14 8.026208e-15 2.6066333e-14
100948.805 4.5005493e-14 9.005581e-14 3.1875158e-14 8.016762e-15 2.6035606e-14
101035.47 4.4951412e-14 8.994997e-14 3.1836777e-14 8.007317e-15 2.6004884e-14
101122.21 4.489732e-14 8.984412e-14 3.179839e-14 7.99787e-15 2.5974159e-14
101209.03 4.484323e-14 8.973827e-14 3.176e-14 7.988424e-15 2.5943432e-14
101295.92 4.4789137e-14 8.963241e-14 3.1721607e-14 7.978977e-15 2.5912703e-14
101382.89 4.4735046e-14 8.9526565e-14 3.1683223e-14 7.9695306e-15 2.588198e-14
101469.93 4.4680954e-14 8.942071e-14 3.1644832e-14 7.960084e-15 2.5851254e-14
101557.05 4.4626866e-14 8.9314874e-14 3.1606445e-14 7.9506375e-15 2.5820529e-14
101644.24 4.457277e-14 8.9209015e-14 3.1568057e-14 7.9411905e-15 2.57898e-14
101731.51 4.4518676e-14 8.910315e-14 3.1529666e-14 7.9317436e-15 2.5759072e-14
101818.84 4.4464588e-14 8.899731e-14 3.149128e-14 7.922298e-15 2.5728348e-14
101906.26 4.4410496e-14 8.889146e-14 3.145289e-14 7.912851e-15 2.5697623e-14
101993.75 4.4356405e-14 8.87856e-14 3.1414504e-14 7.903404e-15 2.5666897e-14
102081.32 4.4302317e-14 8.867975e-14 3.1376113e-14 7.893958e-15 2.563617e-14
102168.96 4.4248222e-14 8.8573896e-14 3.1337725e-14 7.884512e-15 2.5605445e-14
102256.67 4.419414e-14 8.846806e-14 3.129934e-14 7.875066e-15 2.5574722e-14
102344.47 4.414004e-14 8.836219e-14 3.1260947e-14 7.865618e-15 2.554399e-14
102432.336 4.4085947e-14 8.825635e-14 3.122256e-14 7.856172e-15 2.5513266e-14
102520.27 4.403186e-14 8.81505e-14 3.1184175e-14 7.846726e-15 2.548254e-14
102608.3 4.3977764e-14 8.804464e-14 3.114578e-14 7.837279e-15 2.5451814e-14
102696.39 4.3923673e-14 8.793879e-14 3.1107393e-14 7.827832e-15 2.5421085e-14
102784.555 4.3869588e-14 8.783294e-14 3.1069006e-14 7.818387e-15 2.5390361e-14
102872.805 4.3815493e-14 8.7727094e-14 3.103062e-14 7.80894e-15 2.5359635e-14
102961.125 4.37614e-14 8.7621235e-14 3.099223e-14 7.799493e-15 2.5328908e-14
103049.516 4.3707317e-14 8.751539e-14 3.0953847e-14 7.790048e-15 2.5298186e-14
103137.99 4.3653222e-14 8.7409524e-14 3.0915452e-14 7.780601e-15 2.5267457e-14
103226.54 4.359913e-14 8.730368e-14 3.0877065e-14 7.771154e-15 2.523673e-14
103315.164 4.3545035e-14 8.719783e-14 3.0838677e-14 7.761708e-15 2.5206003e-14
103403.86 4.349095e-14 8.709199e-14 3.0800293e-14 7.752262e-15 2.5175281e-14
103492.64 4.3436852e-14 8.698612e-14 3.07619e-14 7.742814e-15 2.514455e-14
103581.49 4.3382764e-14 8.688028e-14 3.072351e-14 7.733368e-15 2.5113826e-14
103670.42 4.332867e-14 8.677441e-14 3.068512e-14 7.723921e-15 2.5083099e-14
103759.43 4.3274578e-14 8.666856e-14 3.0646733e-14 7.7144745e-15 2.5052373e-14
103848.51 4.322049e-14 8.6562715e-14 3.0608345e-14 7.705028e-15 2.5021648e-14
103937.664 4.3166405e-14 8.645686e-14 3.0569958e-14 7.695582e-15 2.4990924e-14
104026.9 4.3112313e-14 8.635102e-14 3.053157e-14 7.686135e-15 2.4960197e-14
104116.21 4.3058215e-14 8.624516e-14 3.0493183e-14 7.676688e-15 2.4929469e-14
104205.6 4.3004127e-14 8.6139314e-14 3.0454792e-14 7.667243e-15 2.4898745e-14
104295.06 4.2950032e-14 8.603346e-14 3.0416404e-14 7.657796e-15 2.4868018e-14
104384.61 4.289594e-14 8.592761e-14 3.0378017e-14 7.648349e-15 2.483729e-14
104474.23 4.284185e-14 8.582175e-14 3.0339626e-14 7.638903e-15 2.4806564e-14
104563.92 4.278776e-14 8.5715906e-14 3.030124e-14 7.629456e-15 2.477584e-14
104653.695 4.273367e-14 8.5610054e-14 3.026285e-14 7.62001e-15 2.4745114e-14
104743.55 4.2679574e-14 8.550486e-14 3.0224463e-14 7.610563e-15 2.4714387e-14
104833.47 4.2625513e-14 8.662636e-14 3.0186425e-14 7.601132e-15 2.4683662e-14
104923.48 4.2582908e-14 6.0921743e-13 3.029691e-14 7.598237e-15 2.4652933e-14
105013.555 4.3646107e-14 5.1435314e-11 4.4735052e-14 8.225825e-15 2.462221e-14
105103.71 6.7878544e-14 1.156247e-09 3.593737e-13 2.2063634e-14 2.4591484e-14
105193.95 1.738642e-13 5.980073e-09 1.7332772e-12 8.251403e-14 2.4560755e-14
105284.266 1.9854885e-13 7.1054553e-09 2.053775e-12 9.6609664e-14 2.453003e-14
105374.66 8.493482e-14 1.9395308e-09 5.823567e-13 3.1852657e-14 2.4499305e-14
105465.125 4.4920163e-14 1.2169578e-10 6.455513e-14 9.059215e-15 2.4468578e-14
105555.67 4.2231264e-14 1.8363071e-12 3.0377908e-14 7.5475015e-15 2.4437851e-14
105646.29 4.2138795e-14 9.024236e-14 2.984223e-14 7.516172e-15 2.4407127e-14
105736.99 4.2084578e-14 8.434424e-14 2.9802194e-14 7.5066525e-15 2.43764e-14
105827.77 4.2030483e-14 8.423399e-14 2.9763803e-14 7.4972055e-15 2.4345673e-14
105918.63 4.197639e-14 8.4128125e-14 2.9725415e-14 7.4877585e-15 2.4314948e-14
106009.57 4.1922297e-14 8.402227e-14 2.968702e-14 7.478312e-15 2.4284218e-14
106100.58 4.1868212e-14 8.391643e-14 2.9648637e-14 7.468867e-15 2.4253496e-14
106191.67 4.1814117e-14 8.381058e-14 2.961025e-14 7.45942e-15 2.4222769e-14
106282.84 4.1760025e-14 8.370472e-14 2.9571858e-14 7.449973e-15 2.4192042e-14
106374.09 4.1705934e-14 8.3598865e-14 2.9533467e-14 7.440526e-15 2.4161315e-14
106465.414 4.1651846e-14 8.349303e-14 2.9495087e-14 7.431081e-15 2.4130593e-14
106556.82 4.1597754e-14 8.338717e-14 2.9456696e-14 7.421634e-15 2.4099866e-14
106648.305 4.1543663e-14 8.3281316e-14 2.9418305e-14 7.412187e-15 2.4069139e-14
106739.87 4.148957e-14 8.317547e-14 2.9379917e-14 7.40274e-15 2.4038414e-14
106831.51 4.143548e-14 8.306961e-14 2.9341526e-14 7.393294e-15 2.4007685e-14
106923.23 4.1381388e-14 8.296376e-14 2.9303142e-14 7.383848e-15 2.397696e-14
107015.02 4.1327297e-14 8.285791e-14 2.926475e-14 7.374401e-15 2.3946235e-14
107106.9 4.127321e-14 8.275206e-14 2.9226367e-14 7.364955e-15 2.391551e-14
107198.86 4.1219117e-14 8.2646204e-14 2.9187976e-14 7.355509e-15 2.3884782e-14
107290.89 4.1165025e-14 8.254036e-14 2.914959e-14 7.346062e-15 2.3854057e-14
107383.01 4.1110934e-14 8.243449e-14 2.9111198e-14 7.336615e-15 2.3823328e-14
107475.195 4.1056846e-14 8.232865e-14 2.9072813e-14 7.3271696e-15 2.3792605e-14
107567.47 4.100275e-14 8.2222796e-14 2.9034423e-14 7.317723e-15 2.3761878e-14
107659.82 4.0948663e-14 8.211696e-14 2.899604e-14 7.3082765e-15 2.3731154e-14
107752.25 4.0894568e-14 8.201109e-14 2.8957648e-14 7.2988295e-15 2.3700426e-14
107844.766 4.084047e-14 8.190523e-14 2.8919253e-14 7.289382e-15 2.3669695e-14
107937.35 4.0786388e-14 8.1799395e-14 2.8880872e-14 7.2799365e-15 2.3638973e-14
108030.02 4.073229e-14 8.169353e-14 2.8842478e-14 7.2704895e-15 2.3608245e-14
108122.766 4.0678205e-14 8.158769e-14 2.8804094e-14 7.261043e-15 2.3577521e-14
108215.59 4.0624117e-14 8.1481845e-14 2.8765706e-14 7.251597e-15 2.3546798e-14
108308.5 4.0570025e-14 8.1375993e-14 2.872732e-14 7.242151e-15 2.3516072e-14
108401.49 4.051593e-14 8.1270135e-14 2.8688928e-14 7.232704e-15 2.3485344e-14
108494.555 4.046184e-14 8.116429e-14 2.865054e-14 7.223257e-15 2.3454618e-14
108587.7 4.0407747e-14 8.105843e-14 2.861215e-14 7.213811e-15 2.342389e-14
108680.93 4.0353663e-14 8.0952585e-14 2.8573765e-14 7.204366e-15 2.3393168e-14
108774.24 4.029956e-14 8.0846727e-14 2.853537e-14 7.194917e-15 2.3362438e-14
108867.625 4.0245473e-14 8.0740875e-14 2.8496984e-14 7.185471e-15 2.3331712e-14
108961.09 4.019138e-14 8.0635016e-14 2.8458596e-14 7.176025e-15 2.3300985e-14
109054.64 4.0137293e-14 8.052918e-14 2.842021e-14 7.166579e-15 2.3270263e-14
109148.27 4.0083198e-14 8.042331e-14 2.8381818e-14 7.157131e-15 2.3239533e-14
109241.98 4.002911e-14 8.031747e-14 2.8343432e-14 7.147686e-15 2.3208808e-14
109335.766 3.997502e-14 8.0211615e-14 2.8305043e-14 7.138239e-15 2.3178083e-14
109429.63 3.9920927e-14 8.010577e-14 2.8266655e-14 7.128793e-15 2.3147357e-14
109523.586 3.986684e-14 7.999992e-14 2.8228267e-14 7.119347e-15 2.3116632e-14
109617.62 3.9812744e-14 7.989406e-14 2.8189878e-14 7.1099e-15 2.3085905e-14
109711.73 3.9758653e-14 7.978821e-14 2.8151489e-14 7.100453e-15 2.3055178e-14
109805.92 3.9704558e-14 7.968235e-14 2.81131e-14 7.091006e-15 2.3024451e-14
109900.195 3.9650463e-14 7.9576496e-14 2.8074709e-14 7.0815592e-15 2.2993724e-14
109994.55 3.9596378e-14 7.947065e-14 2.8036323e-14 7.072114e-15 2.2962999e-14
110088.984 3.9542286e-14 7.93648e-14 2.7997934e-14 7.0626666e-15 2.2932272e-14
110183.5 3.948819e-14 7.925894e-14 2.7959545e-14 7.05322e-15 2.2901545e-14
110278.09 3.9434107e-14 7.91531e-14 2.792116e-14 7.043775e-15 2.2870823e-14
110372.77 3.9380012e-14 7.904724e-14 2.788277e-14 7.0343274e-15 2.2840093e-14
110467.53 3.932592e-14 7.894139e-14 2.7844382e-14 7.0248813e-15 2.2809369e-14
110562.375 3.927183e-14 7.883554e-14 2.7805993e-14 7.0154343e-15 2.2778642e-14
110657.3 3.9217737e-14 7.8729686e-14 2.7767603e-14 7.0059882e-15 2.2747915e-14
110752.3 3.916365e-14 7.862384e-14 2.7729218e-14 6.996542e-15 2.2717193e-14
110847.38 3.9109558e-14 7.851799e-14 2.769083e-14 6.987095e-15 2.2686465e-14
110942.555 3.9055463e-14 7.841213e-14 2.7652437e-14 6.9776486e-15 2.2655736e-14
111037.805 3.900137e-14 7.830627e-14 2.7614048e-14 6.9682017e-15 2.2625009e-14
111133.13 3.894728e-14 7.8200426e-14 2.757566e-14 6.958755e-15 2.2594285e-14
111228.55 3.8893188e-14 7.809458e-14 2.7537273e-14 6.9493086e-15 2.2563557e-14
111324.04 3.8839103e-14 7.798873e-14 2.7498886e-14 6.939863e-15 2.2532833e-14
111419.62 3.8785012e-14 7.788288e-14 2.7460496e-14 6.9304164e-15 2.2502108e-14
111515.27 3.8730917e-14 7.7777025e-14 2.7422107e-14 6.920969e-15 2.2471381e-14
111611.016 3.8676825e-14 7.767117e-14 2.738372e-14 6.911523e-15 2.2440656e-14
111706.836 3.8622737e-14 7.756533e-14 2.7345336e-14 6.902077e-15 2.240993e-14
111802.74 3.8568642e-14 7.745947e-14 2.7306943e-14 6.8926302e-15 2.2379203e-14
111898.73 3.8514554e-14 7.7353624e-14 2.7268557e-14 6.883184e-15 2.2348478e-14
111994.8 3.8460463e-14 7.7247765e-14 2.7230164e-14 6.873737e-15 2.2317751e-14
112090.95 3.840637e-14 7.714191e-14 2.7191775e-14 6.8642906e-15 2.2287024e-14
112187.19 3.835228e-14 7.703607e-14 2.7153391e-14 6.8548445e-15 2.22563e-14
112283.5 3.8298188e-14 7.6930216e-14 2.7115002e-14 6.845398e-15 2.2225574e-14
112379.9 3.82441e-14 7.6824364e-14 2.7076616e-14 6.835952e-15 2.2194848e-14
112476.38 3.8190012e-14 7.671852e-14 2.7038227e-14 6.8265058e-15 2.2164123e-14
112572.95 3.8135917e-14 7.661265e-14 2.6999838e-14 6.8170584e-15 2.2133393e-14
112669.6 3.8081822e-14 7.650681e-14 2.6961448e-14 6.8076114e-15 2.2102667e-14
112766.33 3.8027737e-14 7.6400956e-14 2.6923063e-14 6.7981657e-15 2.2071944e-14
112863.15 3.7973642e-14 7.6295104e-14 2.6884673e-14 6.788719e-15 2.2041217e-14
112960.05 3.7919547e-14 7.618925e-14 2.6846284e-14 6.7792722e-15 2.201049e-14
113057.02 3.786546e-14 7.60834e-14 2.6807897e-14 6.7698266e-15 2.1979765e-14
113154.086 3.7811368e-14 7.597755e-14 2.6769507e-14 6.7603796e-15 2.1949038e-14
113251.234 3.775728e-14 7.587171e-14 2.6731121e-14 6.750934e-15 2.1918314e-14
113348.47 3.7703185e-14 7.5765844e-14 2.6692729e-14 6.7414865e-15 2.1887585e-14
113445.78 3.7649093e-14 7.566e-14 2.6654343e-14 6.73204e-15 2.185686e-14
113543.18 3.7595002e-14 7.555414e-14 2.6615952e-14 6.7225935e-15 2.1826133e-14
113640.664 3.754091e-14 7.544829e-14 2.6577563e-14 6.7131465e-15 2.1795406e-14
113738.23 3.7486822e-14 7.534243e-14 2.6539175e-14 6.7037004e-15 2.1764681e-14
113835.875 3.743273e-14 7.523659e-14 2.650079e-14 6.6942543e-15 2.1733956e-14
113933.61 3.7378636e-14 7.5130725e-14 2.6462397e-14 6.6848073e-15 2.1703229e-14
114031.42 3.732455e-14 7.5024886e-14 2.6424013e-14 6.675362e-15 2.1672505e-14
114129.33 3.7270453e-14 7.491903e-14 2.6385622e-14 6.6659142e-15 2.1641775e-14
114227.31 3.7216364e-14 7.481318e-14 2.6347234e-14 6.6564686e-15 2.161105e-14
114325.375 3.7162276e-14 7.470733e-14 2.6308847e-14 6.647022e-15 2.1580326e-14
114423.53 3.7108178e-14 7.460148e-14 2.6270456e-14 6.6375746e-15 2.1549599e-14
114521.766 3.7054093e-14 7.4495626e-14 2.6232072e-14 6.6281285e-15 2.1518874e-14
114620.09 3.6999995e-14 7.438977e-14 2.6193677e-14 6.6186816e-15 2.1488145e-14
114718.5 3.6945907e-14 7.428391e-14 2.615529e-14 6.6092346e-15 2.1457418e-14
114816.984 3.689182e-14 7.417807e-14 2.6116904e-14 6.5997893e-15 2.1426696e-14
114915.56 3.6837727e-14 7.407222e-14 2.6078516e-14 6.590343e-15 2.1395968e-14
115014.22 3.6783636e-14 7.396637e-14 2.6040129e-14 6.5808963e-15 2.1365242e-14
115112.97 3.6729544e-14 7.3860514e-14 2.6001738e-14 6.5714497e-15 2.1334515e-14
115211.8 3.6675453e-14 7.375466e-14 2.596335e-14 6.562003e-15 2.1303788e-14
115310.71 3.6621358e-14 7.36488e-14 2.592496e-14 6.5525562e-15 2.1273063e-14
115409.71 3.656727e-14 7.354296e-14 2.5886572e-14 6.5431097e-15 2.1242336e-14
115508.8 3.6513175e-14 7.3437106e-14 2.5848184e-14 6.533663e-15 2.121161e-14
115607.96 3.6459086e-14 7.333125e-14 2.5809797e-14 6.5242175e-15 2.1180887e-14
115707.22 3.6405e-14 7.32254e-14 2.5771408e-14 6.514771e-15 2.1150159e-14
115806.555 3.6350907e-14 7.311956e-14 2.573302e-14 6.5053244e-15 2.1119433e-14
115905.984 3.629681e-14 7.301369e-14 2.569463e-14 6.495877e-15 2.1088705e-14
116005.49 3.6242724e-14 7.290785e-14 2.5656245e-14 6.4864313e-15 2.1057981e-14
116105.086 3.618863e-14 7.2801994e-14 2.5617854e-14 6.476985e-15 2.1027254e-14
116204.766 3.6134537e-14 7.269614e-14 2.5579467e-14 6.4675383e-15 2.0996529e-14
116304.53 3.608045e-14 7.259029e-14 2.5541077e-14 6.4580917e-15 2.0965804e-14
116404.38 3.6026358e-14 7.2484445e-14 2.5502692e-14 6.448646e-15 2.0935078e-14
116504.32 3.597227e-14 7.237859e-14 2.5464302e-14 6.4391995e-15 2.0904351e-14
116604.35 3.5918175e-14 7.2272734e-14 2.5425911e-14 6.429752e-15 2.0873623e-14
116704.46 3.5864083e-14 7.216688e-14 2.5387522e-14 6.4203056e-15 2.0842897e-14
116804.66 3.580999e-14 7.206103e-14 2.5349133e-14 6.410859e-15 2.081217e-14
116904.94 3.5755897e-14 7.195517e-14 2.5310744e-14 6.4014117e-15 2.0781443e-14
117005.305 3.5701805e-14 7.1849326e-14 2.5272358e-14 6.391966e-15 2.0750718e-14
117105.76 3.5647717e-14 7.174348e-14 2.523397e-14 6.3825203e-15 2.0719995e-14
117206.3 3.5593625e-14 7.163762e-14 2.519558e-14 6.373073e-15 2.0689266e-14
117306.92 3.5539537e-14 7.1531777e-14 2.5157194e-14 6.3636272e-15 2.0658542e-14
117407.63 3.5485442e-14 7.1425925e-14 2.5118804e-14 6.3541803e-15 2.0627815e-14
117508.44 3.543135e-14 7.132007e-14 2.5080417e-14 6.344734e-15 2.0597088e-14
117609.32 3.5377263e-14 7.121422e-14 2.5042028e-14 6.3352872e-15 2.0566363e-14
117710.3 3.5323168e-14 7.110836e-14 2.5003638e-14 6.3258407e-15 2.0535636e-14
117811.35 3.5269083e-14 7.100252e-14 2.4965253e-14 6.3163946e-15 2.0504913e-14
117912.5 3.5214988e-14 7.089666e-14 2.4926862e-14 6.306947e-15 2.0474184e-14
118013.734 3.5160897e-14 7.0790806e-14 2.4888472e-14 6.297501e-15 2.0443457e-14
118115.055 3.5106805e-14 7.0684954e-14 2.4850083e-14 6.288054e-15 2.0412732e-14
118216.46 3.5052714e-14 7.05791e-14 2.4811696e-14 6.278608e-15 2.0382006e-14
118317.95 3.4998622e-14 7.0473256e-14 2.4773308e-14 6.269162e-15 2.035128e-14
118419.53 3.4944534e-14 7.036741e-14 2.4734922e-14 6.2597158e-15 2.0320556e-14
118521.2 3.489044e-14 7.026155e-14 2.4696533e-14 6.250269e-15 2.0289827e-14
118622.95 3.4836354e-14 7.015571e-14 2.4658146e-14 6.2408227e-15 2.0259104e-14
118724.8 3.478226e-14 7.0049855e-14 2.4619756e-14 6.231376e-15 2.0228377e-14
118826.73 3.472817e-14 6.9944e-14 2.4581369e-14 6.22193e-15 2.0197651e-14
118928.75 3.4674076e-14 6.9838144e-14 2.454298e-14 6.2124827e-15 2.0166923e-14
119030.85 3.4619988e-14 6.973229e-14 2.4504592e-14 6.2030366e-15 2.0136197e-14
119133.05 3.456589e-14 6.9626434e-14 2.44662e-14 6.1935896e-15 2.010547e-14
119235.33 3.45118e-14 6.952059e-14 2.4427812e-14 6.1841435e-15 2.0074744e-14
119337.695 3.445771e-14 6.9414736e-14 2.4389423e-14 6.1746965e-15 2.0044017e-14
119440.15 3.4403622e-14 6.93089e-14 2.4351038e-14 6.165251e-15 2.0013293e-14
119542.695 3.434953e-14 6.920304e-14 2.431265e-14 6.1558043e-15 1.9982568e-14
119645.33 3.4295436e-14 6.909718e-14 2.4274258e-14 6.1463574e-15 1.9951839e-14
119748.05 3.4241344e-14 6.8991335e-14 2.4235873e-14 6.1369113e-15 1.9921115e-14
119850.86 3.4187253e-14 6.8885476e-14 2.4197483e-14 6.1274647e-15 1.9890389e-14
