skypy/data/spectrum_templates/kcorrect_spec_nd.ecsv
# %ECSV 0.9
# ---
# meta:
#   origin:
#     citation: Michael R. Blanton and Sam Roweis 2007 AJ 133 734
#     bibcode: 2007AJ....133..734B
#     doi: 10.1086/510127
#     website: http://kcorrect.org
#     github: https://github.com/blanton144/kcorrect
# datatype:
# - name: spectral_axis
#   unit: angstrom
#   datatype: float32
# - name: flux_0
#   unit: erg s-1 cm-2 angstrom-1
#   datatype: float32
# - name: flux_1
#   unit: erg s-1 cm-2 angstrom-1
#   datatype: float32
# - name: flux_2
#   unit: erg s-1 cm-2 angstrom-1
#   datatype: float32
# - name: flux_3
#   unit: erg s-1 cm-2 angstrom-1
#   datatype: float32
# - name: flux_4
#   unit: erg s-1 cm-2 angstrom-1
#   datatype: float32
spectral_axis flux_0 flux_1 flux_2 flux_3 flux_4
[from data line 8434]
835003.4 6.9602095e-18 1.8833467e-17 4.595013e-18 1.783912e-18 5.53392e-18
835720.25 6.942429e-18 1.878494e-17 4.5832506e-18 1.7793532e-18 5.5197597e-18
836437.75 6.92465e-18 1.8736413e-17 4.571488e-18 1.7747948e-18 5.5056e-18
837155.9 6.90687e-18 1.8687886e-17 4.559725e-18 1.7702362e-18 5.4914395e-18
837874.56 6.8890923e-18 1.8639364e-17 4.547964e-18 1.765678e-18 5.477281e-18
838593.94 6.871311e-18 1.8590835e-17 4.5362006e-18 1.7611194e-18 5.46312e-18
839313.9 6.8535326e-18 1.854231e-17 4.524439e-18 1.756561e-18 5.4489605e-18
840034.5 6.835752e-18 1.8493783e-17 4.5126756e-18 1.7520025e-18 5.4348e-18
840755.7 6.817973e-18 1.8445257e-17 4.5009135e-18 1.7474439e-18 5.4206403e-18
841477.5 6.800194e-18 1.8396732e-17 4.4891514e-18 1.7428855e-18 5.406481e-18
842199.94 6.7824145e-18 1.8348206e-17 4.477389e-18 1.738327e-18 5.392321e-18
842923.0 6.7646355e-18 1.8299682e-17 4.4656268e-18 1.7337685e-18 5.3781613e-18
843646.7 6.7468552e-18 1.8251153e-17 4.453864e-18 1.7292101e-18 5.3640007e-18
844371.0 6.7290754e-18 1.8202627e-17 4.4421013e-18 1.7246514e-18 5.3498402e-18
845095.94 6.7112956e-18 1.81541e-17 4.4303384e-18 1.7200928e-18 5.33568e-18
845821.5 6.6935166e-18 1.8105574e-17 4.4185763e-18 1.7155343e-18 5.32152e-18
846547.7 6.6757367e-18 1.8057048e-17 4.406814e-18 1.7109758e-18 5.30736e-18
847274.44 6.6579573e-18 1.8008523e-17 4.3950513e-18 1.7064174e-18 5.2932003e-18
848001.9 6.6401775e-18 1.7959997e-17 4.383289e-18 1.7018589e-18 5.27904e-18
848729.94 6.622398e-18 1.7911471e-17 4.3715263e-18 1.6973004e-18 5.2648805e-18
849458.56 6.604619e-18 1.7862944e-17 4.359764e-18 1.692742e-18 5.2507204e-18
850187.9 6.586839e-18 1.7814418e-17 4.3480017e-18 1.6881834e-18 5.2365603e-18
850917.8 6.56906e-18 1.776589e-17 4.3362388e-18 1.6836248e-18 5.2224002e-18
851648.4 6.551279e-18 1.7717363e-17 4.324476e-18 1.6790662e-18 5.2082397e-18
852379.5 6.5335e-18 1.7668838e-17 4.312714e-18 1.6745077e-18 5.19408e-18
853111.3 6.5157215e-18 1.7620312e-17 4.3009517e-18 1.6699494e-18 5.179921e-18
853843.75 6.497941e-18 1.7571786e-17 4.289189e-18 1.6653907e-18 5.1657603e-18
854576.8 6.480162e-18 1.752326e-17 4.2774266e-18 1.6608323e-18 5.1516e-18
855310.5 6.4623824e-18 1.7474735e-17 4.2656645e-18 1.6562739e-18 5.1374405e-18
856044.8 6.4446026e-18 1.7426206e-17 4.2539016e-18 1.6517153e-18 5.1232804e-18
856779.8 6.4268224e-18 1.737768e-17 4.2421387e-18 1.6471565e-18 5.10912e-18
857515.4 6.4090434e-18 1.7329154e-17 4.230376e-18 1.6425981e-18 5.0949603e-18
858251.56 6.391264e-18 1.7280629e-17 4.218614e-18 1.6380397e-18 5.0808006e-18
858988.44 6.373484e-18 1.7232101e-17 4.2068516e-18 1.633481e-18 5.06664e-18
859725.9 6.355705e-18 1.7183575e-17 4.195089e-18 1.6289226e-18 5.0524804e-18
860464.0 6.3379257e-18 1.713505e-17 4.183327e-18 1.6243641e-18 5.0383203e-18
861202.75 6.320146e-18 1.7086522e-17 4.171564e-18 1.6198055e-18 5.0241602e-18
861942.1 6.302367e-18 1.7037997e-17 4.159802e-18 1.6152471e-18 5.0100005e-18
862682.1 6.2845866e-18 1.6989471e-17 4.148039e-18 1.6106886e-18 4.9958404e-18
863422.8 6.2668068e-18 1.6940942e-17 4.1362765e-18 1.6061299e-18 4.98168e-18
864164.06 6.2490278e-18 1.6892418e-17 4.1245144e-18 1.6015716e-18 4.9675203e-18
864906.0 6.231248e-18 1.684389e-17 4.112752e-18 1.597013e-18 4.95336e-18
865648.56 6.2134685e-18 1.6795365e-17 4.100989e-18 1.5924543e-18 4.9392e-18
866391.75 6.1956887e-18 1.6746839e-17 4.089227e-18 1.5878959e-18 4.92504e-18
867135.56 6.1779097e-18 1.6698313e-17 4.0774644e-18 1.5833375e-18 4.9108807e-18
867880.06 6.1601294e-18 1.6649786e-17 4.065702e-18 1.5787789e-18 4.8967202e-18
868625.2 6.1423496e-18 1.6601258e-17 4.053939e-18 1.5742202e-18 4.8825597e-18
869370.94 6.12457e-18 1.6552733e-17 4.0421765e-18 1.5696618e-18 4.8684e-18
870117.3 6.1067936e-18 1.6504209e-17 4.0305922e-18 1.5651038e-18 4.8542404e-18
870864.3 6.0909453e-18 1.6455683e-17 4.1463326e-18 1.5607932e-18 4.8400803e-18
871612.0 6.390788e-18 1.6407156e-17 2.5104723e-17 1.5970258e-18 4.82592e-18
872360.3 1.8183534e-17 1.6358632e-17 8.0485155e-16 3.1092497e-18 4.8117605e-18
873109.3 1.1181117e-16 1.6310102e-17 6.9875293e-15 1.5131226e-17 4.7976e-18
873858.9 2.1790823e-16 1.6261578e-17 1.3993468e-14 2.8754608e-17 4.7834403e-18
874609.1 1.03508445e-16 1.6213051e-17 6.4416885e-15 1.406039e-17 4.7692802e-18
875360.0 1.6290397e-17 1.6164525e-17 6.8451057e-16 2.8570206e-18 4.7551205e-18
876111.56 6.214887e-18 1.6115998e-17 2.0463843e-17 1.5607847e-18 4.7409605e-18
876863.75 5.948171e-18 1.606747e-17 4.016756e-18 1.524256e-18 4.7267995e-18
877616.56 5.9289965e-18 1.6018945e-17 3.912907e-18 1.5195184e-18 4.7126394e-18
878370.0 5.9112163e-18 1.597118e-17 3.9010276e-18 1.5149599e-18 4.69848e-18
879124.1 5.8935663e-18 2.0843678e-17 3.8920415e-18 1.5104628e-18 4.68432e-18
879878.94 6.0690618e-18 7.33519e-15 8.0069164e-18 1.5972342e-18 4.6701596e-18
880634.3 7.1930336e-17 2.5004948e-12 1.4145867e-15 3.2723116e-17 4.656e-18
881390.4 5.1911854e-15 1.962368e-10 1.107168e-13 2.4517763e-15 4.64184e-18
882147.06 9.3490326e-14 3.537874e-09 1.9960028e-12 4.4176593e-14 4.62768e-18
882904.44 3.8717976e-13 1.4652405e-08 8.266602e-12 1.829564e-13 4.61352e-18
883662.44 3.6836989e-13 1.3940554e-08 7.864991e-12 1.74068e-13 4.5993608e-18
884421.1 8.051636e-14 3.0468827e-09 1.7189952e-12 3.8045894e-14 4.5851994e-18
885180.44 4.0480962e-15 1.5298053e-10 8.631239e-14 1.9116407e-15 4.5710398e-18
885940.4 5.2358375e-17 1.7645136e-12 9.992784e-16 2.3501498e-17 4.5568805e-18
886701.0 5.8391804e-18 4.6907503e-15 6.4093598e-18 1.5231936e-18 4.54272e-18
887462.3 5.697936e-18 1.8233908e-17 3.7614827e-18 1.4602932e-18 4.52856e-18
888224.2 5.6800813e-18 1.5339977e-17 3.7481154e-18 1.4556991e-18 4.5144e-18
888986.8 5.6623015e-18 1.529105e-17 3.7363517e-18 1.4511404e-18 4.5002397e-18
889750.0 5.644522e-18 1.5242525e-17 3.72459e-18 1.446582e-18 4.4860796e-18
890513.9 5.626743e-18 1.5194e-17 3.7128275e-18 1.4420237e-18 4.47192e-18
891278.44 5.6089633e-18 1.5145472e-17 3.701065e-18 1.4374651e-18 4.4577595e-18
892043.6 5.591184e-18 1.5096946e-17 3.6893025e-18 1.4329066e-18 4.4436e-18
892809.5 5.573404e-18 1.504842e-17 3.6775395e-18 1.4283479e-18 4.4294397e-18
893576.0 5.555625e-18 1.4999895e-17 3.665778e-18 1.4237895e-18 4.4152804e-18
894343.2 5.5378447e-18 1.4951367e-17 3.654015e-18 1.4192309e-18 4.40112e-18
895111.0 5.5200657e-18 1.4902843e-17 3.642253e-18 1.4146724e-18 4.3869602e-18
895879.5 5.5022863e-18 1.4854318e-17 3.6304903e-18 1.4101139e-18 4.3728e-18
896648.7 5.484506e-18 1.4805789e-17 3.6187274e-18 1.4055553e-18 4.3586396e-18
897418.5 5.4667267e-18 1.4757263e-17 3.606965e-18 1.4009968e-18 4.3444795e-18
898188.94 5.4489476e-18 1.4708737e-17 3.5952024e-18 1.3964385e-18 4.3303203e-18
898960.06 5.4311674e-18 1.4660211e-17 3.58344e-18 1.3918798e-18 4.3161598e-18
899731.9 5.413388e-18 1.4611684e-17 3.5716778e-18 1.3873214e-18 4.3019997e-18
900504.3 5.395609e-18 1.4563158e-17 3.5599153e-18 1.3827629e-18 4.2878396e-18
901277.44 5.3778287e-18 1.4514631e-17 3.5481528e-18 1.3782044e-18 4.27368e-18
902051.25 5.3600493e-18 1.4466105e-17 3.53639e-18 1.3736457e-18 4.25952e-18
902825.7 5.3422695e-18 1.4417578e-17 3.5246273e-18 1.3690872e-18 4.2453597e-18
903600.8 5.3244905e-18 1.4369054e-17 3.5128652e-18 1.3645287e-18 4.2311996e-18
904376.56 5.306711e-18 1.4320528e-17 3.5011027e-18 1.3599703e-18 4.21704e-18
905153.0 5.2889312e-18 1.4272e-17 3.4893402e-18 1.3554118e-18 4.20288e-18
905930.1 5.2711518e-18 1.4223473e-17 3.4775777e-18 1.3508533e-18 4.1887198e-18
906707.9 5.2533728e-18 1.4174949e-17 3.4658154e-18 1.3462949e-18 4.17456e-18
907486.4 5.235592e-18 1.412642e-17 3.4540525e-18 1.3417361e-18 4.160399e-18
908265.44 5.2178135e-18 1.4077896e-17 3.4422904e-18 1.3371779e-18 4.14624e-18
909045.25 5.2000333e-18 1.4029369e-17 3.4305277e-18 1.3326191e-18 4.1320794e-18
909825.7 5.1822543e-18 1.3980843e-17 3.4187654e-18 1.3280608e-18 4.1179197e-18
910606.8 5.1644744e-18 1.3932316e-17 3.4070029e-18 1.3235022e-18 4.1037597e-18
911388.6 5.146695e-18 1.388379e-17 3.3952404e-18 1.3189436e-18 4.0895996e-18
912171.06 5.1289156e-18 1.3835264e-17 3.383478e-18 1.3143852e-18 4.07544e-18
912954.25 5.1111354e-18 1.37867376e-17 3.3717154e-18 1.3098265e-18 4.0612794e-18
913738.0 5.0933563e-18 1.3738213e-17 3.359953e-18 1.3052683e-18 4.0471197e-18
914522.5 5.0755765e-18 1.3689686e-17 3.3481901e-18 1.3007096e-18 4.0329596e-18
915307.7 5.057797e-18 1.3641159e-17 3.3364278e-18 1.2961511e-18 4.0187995e-18
916093.5 5.0400177e-18 1.3592632e-17 3.3246655e-18 1.2915926e-18 4.00464e-18
916880.0 5.0222383e-18 1.3544107e-17 3.3129032e-18 1.2870341e-18 3.9904797e-18
917667.2 5.0044584e-18 1.349558e-17 3.3011405e-18 1.2824755e-18 3.9763197e-18
918455.06 4.9866786e-18 1.3447053e-17 3.2893778e-18 1.2779169e-18 3.962159e-18
919243.56 4.968899e-18 1.3398527e-17 3.2776155e-18 1.2733584e-18 3.9479995e-18
920032.75 4.9511197e-18 1.3350001e-17 3.265853e-18 1.2687999e-18 3.9338394e-18
920822.7 4.93334e-18 1.33014745e-17 3.2540903e-18 1.2642413e-18 3.9196793e-18
921613.25 4.91556e-18 1.3252947e-17 3.2423278e-18 1.2596829e-18 3.905519e-18
922404.5 4.897781e-18 1.3204422e-17 3.2305655e-18 1.2551245e-18 3.8913595e-18
923196.4 4.8800017e-18 1.3155897e-17 3.2188034e-18 1.250566e-18 3.8772e-18
923989.0 4.862222e-18 1.3107369e-17 3.2070404e-18 1.2460074e-18 3.8630393e-18
924782.25 4.8444424e-18 1.3058844e-17 3.1952786e-18 1.2414491e-18 3.84888e-18
925576.25 4.8266634e-18 1.30103185e-17 3.1835158e-18 1.2368905e-18 3.8347196e-18
926370.9 4.8088836e-18 1.2961792e-17 3.1717535e-18 1.232332e-18 3.8205595e-18
927166.2 4.7911037e-18 1.29132654e-17 3.1599908e-18 1.2277734e-18 3.8063994e-18
927962.25 4.7733235e-18 1.2864738e-17 3.148228e-18 1.2232147e-18 3.792239e-18
928758.94 4.7555445e-18 1.2816212e-17 3.1364656e-18 1.2186562e-18 3.778079e-18
929556.3 4.737765e-18 1.2767687e-17 3.124703e-18 1.2140978e-18 3.7639195e-18
930354.4 4.7199856e-18 1.2719161e-17 3.1129408e-18 1.2095394e-18 3.7497594e-18
931153.1 4.702206e-18 1.26706335e-17 3.1011783e-18 1.2049808e-18 3.7355993e-18
931952.56 4.6844264e-18 1.2622107e-17 3.0894158e-18 1.2004223e-18 3.7214397e-18
932752.7 4.6666465e-18 1.2573581e-17 3.077653e-18 1.1958637e-18 3.7072796e-18
933553.44 4.648867e-18 1.25250555e-17 3.065891e-18 1.1913052e-18 3.6931195e-18
934354.94 4.631088e-18 1.247653e-17 3.0541287e-18 1.1867468e-18 3.67896e-18
935157.1 4.613308e-18 1.2428003e-17 3.042366e-18 1.1821882e-18 3.6647993e-18
935960.0 4.595529e-18 1.2379477e-17 3.0306036e-18 1.1776297e-18 3.6506396e-18
936763.56 4.5777494e-18 1.2330951e-17 3.0188411e-18 1.1730713e-18 3.6364795e-18
937567.8 4.55997e-18 1.2282425e-17 3.0070788e-18 1.1685129e-18 3.62232e-18
938372.75 4.5421906e-18 1.2233898e-17 2.9953161e-18 1.1639542e-18 3.6081594e-18
939178.4 4.5244108e-18 1.2185371e-17 2.9835534e-18 1.1593957e-18 3.5939993e-18
939984.75 4.506631e-18 1.2136845e-17 2.971791e-18 1.154837e-18 3.579839e-18
940791.75 4.488851e-18 1.2088318e-17 2.9600284e-18 1.1502785e-18 3.565679e-18
941599.44 4.471072e-18 1.2039793e-17 2.9482663e-18 1.1457202e-18 3.55152e-18
942407.9 4.453292e-18 1.1991266e-17 2.9365034e-18 1.1411615e-18 3.537359e-18
943216.94 4.4355124e-18 1.194274e-17 2.924741e-18 1.1366031e-18 3.5231996e-18
944026.75 4.4177326e-18 1.1894214e-17 2.9129784e-18 1.1320445e-18 3.509039e-18
944837.25 4.399953e-18 1.1845686e-17 2.9012159e-18 1.1274858e-18 3.494879e-18
945648.4 4.382174e-18 1.1797162e-17 2.8894538e-18 1.1229276e-18 3.4807194e-18
946460.3 4.364394e-18 1.1748634e-17 2.8776908e-18 1.1183689e-18 3.466559e-18
947272.9 4.346615e-18 1.17001075e-17 2.8659285e-18 1.1138104e-18 3.4523992e-18
948086.1 4.328835e-18 1.1651582e-17 2.854166e-18 1.1092519e-18 3.438239e-18
948900.1 4.3110557e-18 1.1603057e-17 2.842404e-18 1.1046935e-18 3.4240794e-18
949714.75 4.2932767e-18 1.155453e-17 2.8306414e-18 1.1001351e-18 3.4099195e-18
950530.1 4.2754964e-18 1.1506003e-17 2.8188787e-18 1.0955764e-18 3.3957594e-18
951346.2 4.2577174e-18 1.1457479e-17 2.8071164e-18 1.0910181e-18 3.3815995e-18
952163.0 4.239937e-18 1.14089515e-17 2.7953537e-18 1.0864594e-18 3.3674392e-18
952980.44 4.222158e-18 1.1360426e-17 2.7835914e-18 1.0819011e-18 3.3532794e-18
953798.6 4.2043787e-18 1.1311899e-17 2.7718289e-18 1.0773425e-18 3.339119e-18
954617.5 4.186599e-18 1.1263373e-17 2.7600664e-18 1.0727839e-18 3.3249592e-18
955437.06 4.1688195e-18 1.1214847e-17 2.7483039e-18 1.0682255e-18 3.3107993e-18
956257.4 4.1510392e-18 1.11663195e-17 2.7365411e-18 1.0636668e-18 3.2966388e-18
957078.4 4.13326e-18 1.1117794e-17 2.7247788e-18 1.0591083e-18 3.2824793e-18
957900.06 4.1154804e-18 1.1069267e-17 2.7130161e-18 1.0545497e-18 3.2683188e-18
958722.44 4.0977014e-18 1.10207415e-17 2.701254e-18 1.0499914e-18 3.2541593e-18
959545.56 4.079921e-18 1.0972216e-17 2.6894915e-18 1.0454328e-18 3.2399993e-18
960369.4 4.0621417e-18 1.0923689e-17 2.6777288e-18 1.0408743e-18 3.225839e-18
961193.9 4.0443623e-18 1.0875163e-17 2.6659663e-18 1.0363158e-18 3.2116793e-18
962019.1 4.0265825e-18 1.0826635e-17 2.6542038e-18 1.0317573e-18 3.197519e-18
962845.0 4.0088035e-18 1.077811e-17 2.6424417e-18 1.0271989e-18 3.1833593e-18
963671.7 3.9910236e-18 1.0729583e-17 2.6306792e-18 1.0226403e-18 3.1691992e-18
964499.0 3.9732446e-18 1.0681058e-17 2.6189169e-18 1.0180818e-18 3.1550395e-18
965327.06 3.955465e-18 1.0632532e-17 2.6071542e-18 1.0135233e-18 3.1408794e-18
966155.9 3.937685e-18 1.0584005e-17 2.5953917e-18 1.0089647e-18 3.1267191e-18
966985.3 3.919906e-18 1.053548e-17 2.5836292e-18 1.0044062e-18 3.1125593e-18
967815.56 3.9021257e-18 1.0486952e-17 2.5718664e-18 9.998476e-19 3.0983988e-18
968646.44 3.8843467e-18 1.0438427e-17 2.5601044e-18 9.952893e-19 3.0842393e-18
969478.06 3.866567e-18 1.0389901e-17 2.5483418e-18 9.907308e-19 3.0700794e-18
970310.44 3.848787e-18 1.0341374e-17 2.536579e-18 9.861721e-19 3.0559189e-18
971143.44 3.831008e-18 1.0292848e-17 2.5248168e-18 9.816137e-19 3.0417592e-18
971977.25 3.813228e-18 1.0244322e-17 2.5130541e-18 9.770551e-19 3.027599e-18
972811.7 3.7954488e-18 1.0195796e-17 2.5012918e-18 9.724966e-19 3.0134392e-18
973646.94 3.7776693e-18 1.01472694e-17 2.4895295e-18 9.679381e-19 2.9992791e-18
974482.8 3.7598895e-18 1.0098742e-17 2.4777668e-18 9.633795e-19 2.985119e-18
975319.44 3.7421105e-18 1.0050217e-17 2.4660045e-18 9.58821e-19 2.9709594e-18
976156.8 3.7243307e-18 1.000169e-17 2.454242e-18 9.542625e-19 2.9567993e-18
976994.9 3.706551e-18 9.953163e-18 2.4424793e-18 9.497041e-19 2.9426392e-18
977833.7 3.6887714e-18 9.904637e-18 2.430717e-18 9.451455e-19 2.9284789e-18
978673.2 3.6709916e-18 9.856111e-18 2.4189545e-18 9.40587e-19 2.914319e-18
979513.44 3.653212e-18 9.807584e-18 2.407192e-18 9.360285e-19 2.900159e-18
980354.4 3.6354323e-18 9.759059e-18 2.3954294e-18 9.314699e-19 2.885999e-18
981196.06 3.617653e-18 9.710532e-18 2.383667e-18 9.269114e-19 2.8718387e-18
982038.44 3.599874e-18 9.662007e-18 2.3719044e-18 9.22353e-19 2.857679e-18
982881.56 3.5820945e-18 9.613481e-18 2.3601421e-18 9.177945e-19 2.8435192e-18
983725.44 3.5643142e-18 9.564953e-18 2.3483794e-18 9.132359e-19 2.8293589e-18
984570.0 3.546535e-18 9.5164276e-18 2.336617e-18 9.086773e-19 2.815199e-18
985415.25 3.5287554e-18 9.467902e-18 2.3248548e-18 9.041189e-19 2.8010391e-18
986261.3 3.5109756e-18 9.419374e-18 2.3130919e-18 8.995603e-19 2.7868788e-18
987108.06 3.493196e-18 9.370848e-18 2.3013296e-18 8.950018e-19 2.772719e-18
987955.5 3.4754163e-18 9.322322e-18 2.289567e-18 8.904433e-19 2.7585588e-18
988803.7 3.457637e-18 9.273796e-18 2.2778046e-18 8.858849e-19 2.7443992e-18
989652.6 3.4398575e-18 9.22527e-18 2.266042e-18 8.813264e-19 2.730239e-18
990502.3 3.4220778e-18 9.176743e-18 2.2542795e-18 8.767678e-19 2.716079e-18
991352.7 3.4042986e-18 9.128217e-18 2.2425172e-18 8.722093e-19 2.7019189e-18
992203.8 3.3865188e-18 9.079691e-18 2.2307547e-18 8.676508e-19 2.687759e-18
993055.6 3.3687396e-18 9.031165e-18 2.2189924e-18 8.630923e-19 2.6735993e-18
993908.25 3.3509597e-18 8.982638e-18 2.2072295e-18 8.5853365e-19 2.6594388e-18
994761.56 3.3331801e-18 8.934112e-18 2.1954672e-18 8.539752e-19 2.645279e-18
