skypy/data/spectrum_templates/kcorrect_rawspec_nl.ecsv
# %ECSV 0.9
# ---
# meta:
#   origin:
#     citation: Michael R. Blanton and Sam Roweis 2007 AJ 133 734
#     bibcode: 2007AJ....133..734B
#     doi: 10.1086/510127
#     website: http://kcorrect.org
#     github: https://github.com/blanton144/kcorrect
# datatype:
# - name: spectral_axis
#   unit: angstrom
#   datatype: float32
# - name: flux_0
#   unit: erg s-1 cm-2 angstrom-1
#   datatype: float32
# - name: flux_1
#   unit: erg s-1 cm-2 angstrom-1
#   datatype: float32
# - name: flux_2
#   unit: erg s-1 cm-2 angstrom-1
#   datatype: float32
# - name: flux_3
#   unit: erg s-1 cm-2 angstrom-1
#   datatype: float32
# - name: flux_4
#   unit: erg s-1 cm-2 angstrom-1
#   datatype: float32
spectral_axis flux_0 flux_1 flux_2 flux_3 flux_4
[from data line 8422]
826448.56 6.7217094e-18 1.9415856e-17 4.736181e-18 1.8386203e-18 5.51672e-18
827158.06 6.7050495e-18 1.936733e-17 4.7244185e-18 1.8340617e-18 5.503024e-18
827868.25 6.6883905e-18 1.9318805e-17 4.712656e-18 1.8295033e-18 5.4893294e-18
828579.0 6.6717307e-18 1.9270279e-17 4.7008935e-18 1.8249447e-18 5.475634e-18
829290.4 6.655071e-18 1.9221752e-17 4.6891314e-18 1.820386e-18 5.4619385e-18
830002.3 6.638412e-18 1.9173226e-17 4.677369e-18 1.8158277e-18 5.4482433e-18
830714.94 6.621752e-18 1.91247e-17 4.6656068e-18 1.8112691e-18 5.434548e-18
831428.1 6.605093e-18 1.9076175e-17 4.653844e-18 1.8067107e-18 5.420853e-18
832141.94 6.588433e-18 1.9027647e-17 4.6420813e-18 1.8021521e-18 5.4071577e-18
832856.4 6.5717734e-18 1.8979121e-17 4.6303193e-18 1.7975938e-18 5.3934624e-18
833571.44 6.5551144e-18 1.8930596e-17 4.6185567e-18 1.7930352e-18 5.3797672e-18
834287.06 6.5384545e-18 1.888207e-17 4.6067942e-18 1.7884766e-18 5.3660716e-18
835003.4 6.521795e-18 1.8833543e-17 4.5950317e-18 1.7839182e-18 5.3523768e-18
835720.25 6.5051353e-18 1.8785017e-17 4.5832692e-18 1.7793596e-18 5.338681e-18
836437.75 6.4884763e-18 1.8736491e-17 4.5715067e-18 1.774801e-18 5.3249864e-18
837155.9 6.4718164e-18 1.8687965e-17 4.559744e-18 1.7702426e-18 5.3112907e-18
837874.56 6.4551566e-18 1.8639438e-17 4.547982e-18 1.765684e-18 5.2975955e-18
838593.94 6.4384976e-18 1.8590912e-17 4.536219e-18 1.7611256e-18 5.2839003e-18
839313.9 6.4218378e-18 1.8542387e-17 4.5244567e-18 1.7565672e-18 5.270205e-18
840034.5 6.405178e-18 1.849386e-17 4.5126946e-18 1.7520087e-18 5.25651e-18
840755.7 6.388519e-18 1.8445334e-17 4.5009317e-18 1.7474503e-18 5.2428147e-18
841477.5 6.371859e-18 1.8396808e-17 4.4891696e-18 1.7428917e-18 5.229119e-18
842199.94 6.3551993e-18 1.8348282e-17 4.4774075e-18 1.7383333e-18 5.215424e-18
842923.0 6.3385403e-18 1.8299755e-17 4.4656446e-18 1.7337746e-18 5.2017286e-18
843646.7 6.3218804e-18 1.8251229e-17 4.453882e-18 1.7292162e-18 5.1880334e-18
844371.0 6.3052206e-18 1.8202703e-17 4.44212e-18 1.7246575e-18 5.174338e-18
845095.94 6.2885616e-18 1.8154178e-17 4.430357e-18 1.7200991e-18 5.160643e-18
845821.5 6.271902e-18 1.810565e-17 4.418595e-18 1.7155406e-18 5.1469477e-18
846547.7 6.2552424e-18 1.8057124e-17 4.4068324e-18 1.710982e-18 5.1332525e-18
847274.44 6.238583e-18 1.8008597e-17 4.39507e-18 1.7064237e-18 5.1195573e-18
848001.9 6.2219235e-18 1.7960071e-17 4.3833074e-18 1.7018651e-18 5.1058617e-18
848729.94 6.205264e-18 1.7911546e-17 4.371545e-18 1.6973067e-18 5.0921665e-18
849458.56 6.1886047e-18 1.786302e-17 4.3597824e-18 1.6927482e-18 5.0784712e-18
850187.9 6.171945e-18 1.7814493e-17 4.3480203e-18 1.6881897e-18 5.064776e-18
850917.8 6.155286e-18 1.7765968e-17 4.3362574e-18 1.6836312e-18 5.051081e-18
851648.4 6.138626e-18 1.7717441e-17 4.3244953e-18 1.6790726e-18 5.037385e-18
852379.5 6.121966e-18 1.7668915e-17 4.3127328e-18 1.6745141e-18 5.0236904e-18
853111.3 6.105307e-18 1.7620388e-17 4.3009703e-18 1.6699556e-18 5.0099947e-18
853843.75 6.0886474e-18 1.7571862e-17 4.2892078e-18 1.6653972e-18 4.9962995e-18
854576.8 6.071988e-18 1.7523337e-17 4.2774452e-18 1.6608386e-18 4.9826043e-18
855310.5 6.0553285e-18 1.747481e-17 4.265683e-18 1.6562801e-18 4.968909e-18
856044.8 6.0386687e-18 1.7426283e-17 4.2539202e-18 1.6517216e-18 4.9552135e-18
856779.8 6.0220093e-18 1.737776e-17 4.2421577e-18 1.6471631e-18 4.9415187e-18
857515.4 6.0053494e-18 1.7329234e-17 4.2303956e-18 1.6426046e-18 4.9278234e-18
858251.56 5.9886904e-18 1.7280706e-17 4.2186327e-18 1.638046e-18 4.914128e-18
858988.44 5.9720306e-18 1.723218e-17 4.2068706e-18 1.6334876e-18 4.9004326e-18
859725.9 5.955371e-18 1.7183653e-17 4.195108e-18 1.628929e-18 4.8867374e-18
860464.0 5.9387118e-18 1.7135127e-17 4.1833456e-18 1.6243706e-18 4.873042e-18
861202.75 5.922052e-18 1.7086602e-17 4.171583e-18 1.6198121e-18 4.859347e-18
861942.1 5.9053925e-18 1.7038076e-17 4.1598206e-18 1.6152536e-18 4.8456517e-18
862682.1 5.8887327e-18 1.6989549e-17 4.148058e-18 1.6106951e-18 4.8319565e-18
863422.8 5.8720737e-18 1.6941023e-17 4.136296e-18 1.6061366e-18 4.8182613e-18
864164.06 5.855414e-18 1.6892497e-17 4.1245335e-18 1.6015781e-18 4.8045657e-18
864906.0 5.8387544e-18 1.6843971e-17 4.112771e-18 1.5970195e-18 4.790871e-18
865648.56 5.822095e-18 1.6795444e-17 4.1010084e-18 1.592461e-18 4.7771752e-18
866391.75 5.805435e-18 1.6746918e-17 4.089246e-18 1.5879025e-18 4.76348e-18
867135.56 5.788776e-18 1.6698393e-17 4.0774834e-18 1.583344e-18 4.749785e-18
867880.06 5.7721164e-18 1.6649865e-17 4.065721e-18 1.5787856e-18 4.7360896e-18
868625.2 5.755457e-18 1.660134e-17 4.053959e-18 1.5742272e-18 4.7223944e-18
869370.94 5.7387975e-18 1.6552814e-17 4.0421963e-18 1.5696685e-18 4.708699e-18
870117.3 5.7221377e-18 1.6504288e-17 4.0304334e-18 1.5651101e-18 4.695004e-18
870864.3 5.7054783e-18 1.645576e-17 4.0186713e-18 1.5605515e-18 4.6813087e-18
871612.0 5.6888184e-18 1.6407235e-17 4.006909e-18 1.5559931e-18 4.667613e-18
872360.3 5.672159e-18 1.635871e-17 3.9951467e-18 1.5514344e-18 4.6539183e-18
873109.3 5.6554996e-18 1.6310182e-17 3.9833838e-18 1.5468759e-18 4.6402227e-18
873858.9 5.63884e-18 1.6261656e-17 3.9716213e-18 1.5423175e-18 4.6265275e-18
874609.1 5.6221804e-18 1.621313e-17 3.959859e-18 1.5377591e-18 4.6128322e-18
875360.0 5.6055214e-18 1.6164605e-17 3.9480967e-18 1.5332006e-18 4.599137e-18
876111.56 5.5888615e-18 1.6116077e-17 3.9363337e-18 1.528642e-18 4.585442e-18
876863.75 5.572202e-18 1.6067552e-17 3.9245717e-18 1.5240836e-18 4.5717466e-18
877616.56 5.5555423e-18 1.6019026e-17 3.912809e-18 1.519525e-18 4.558051e-18
878370.0 5.5388833e-18 1.59705e-17 3.9010466e-18 1.5149666e-18 4.5443558e-18
879124.1 5.5222234e-18 1.5921973e-17 3.889284e-18 1.5104081e-18 4.5306605e-18
879878.94 5.5055644e-18 1.5873449e-17 3.8775216e-18 1.5058495e-18 4.5169653e-18
880634.3 5.4889046e-18 1.5824921e-17 3.8657595e-18 1.501291e-18 4.50327e-18
881390.4 5.4722448e-18 1.5776396e-17 3.853997e-18 1.4967326e-18 4.489575e-18
882147.06 5.4555854e-18 1.572787e-17 3.842234e-18 1.4921741e-18 4.4758797e-18
882904.44 5.438926e-18 1.5679343e-17 3.8304716e-18 1.4876156e-18 4.4621845e-18
883662.44 5.422266e-18 1.5630817e-17 3.8187095e-18 1.483057e-18 4.4484892e-18
884421.1 5.4056067e-18 1.5582291e-17 3.806947e-18 1.4784985e-18 4.4347936e-18
885180.44 5.3889473e-18 1.5533765e-17 3.7951845e-18 1.47394e-18 4.4210984e-18
885940.4 5.372288e-18 1.548524e-17 3.7834224e-18 1.4693815e-18 4.407403e-18
886701.0 5.355628e-18 1.5436712e-17 3.77166e-18 1.4648229e-18 4.393708e-18
887462.3 5.3389686e-18 1.5388187e-17 3.7598974e-18 1.4602644e-18 4.3800127e-18
888224.2 5.322309e-18 1.533966e-17 3.748135e-18 1.455706e-18 4.3663175e-18
888986.8 5.3056494e-18 1.5291133e-17 3.7363723e-18 1.4511476e-18 4.3526223e-18
889750.0 5.28899e-18 1.5242608e-17 3.72461e-18 1.4465891e-18 4.3389267e-18
890513.9 5.2723305e-18 1.5194082e-17 3.7128473e-18 1.4420305e-18 4.325232e-18
891278.44 5.255671e-18 1.5145555e-17 3.701085e-18 1.437472e-18 4.3115363e-18
892043.6 5.2390117e-18 1.5097029e-17 3.6893223e-18 1.4329135e-18 4.297841e-18
892809.5 5.222352e-18 1.5048503e-17 3.67756e-18 1.428355e-18 4.284146e-18
893576.0 5.205693e-18 1.4999976e-17 3.6657973e-18 1.4237965e-18 4.2704506e-18
894343.2 5.189033e-18 1.495145e-17 3.654035e-18 1.4192379e-18 4.2567554e-18
895111.0 5.1723736e-18 1.4902924e-17 3.6422727e-18 1.4146794e-18 4.2430598e-18
895879.5 5.1557138e-18 1.4854399e-17 3.63051e-18 1.410121e-18 4.229365e-18
896648.7 5.1390544e-18 1.4805871e-17 3.6187477e-18 1.4055625e-18 4.2156697e-18
897418.5 5.122395e-18 1.4757345e-17 3.606985e-18 1.4010041e-18 4.2019745e-18
898188.94 5.105735e-18 1.470882e-17 3.5952227e-18 1.3964454e-18 4.188279e-18
898960.06 5.0890757e-18 1.4660294e-17 3.5834606e-18 1.391887e-18 4.1745837e-18
899731.9 5.0724163e-18 1.4611767e-17 3.571698e-18 1.3873284e-18 4.1608885e-18
900504.3 5.055757e-18 1.4563241e-17 3.5599355e-18 1.38277e-18 4.1471933e-18
901277.44 5.039097e-18 1.4514715e-17 3.548173e-18 1.3782115e-18 4.133498e-18
902051.25 5.022437e-18 1.4466188e-17 3.5364105e-18 1.3736529e-18 4.119803e-18
902825.7 5.005778e-18 1.4417662e-17 3.524648e-18 1.3690945e-18 4.1061076e-18
903600.8 4.9891184e-18 1.4369136e-17 3.5128855e-18 1.3645359e-18 4.092412e-18
904376.56 4.9724594e-18 1.432061e-17 3.501123e-18 1.3599776e-18 4.0787168e-18
905153.0 4.9557995e-18 1.4272085e-17 3.4893605e-18 1.3554189e-18 4.0650215e-18
905930.1 4.93914e-18 1.422356e-17 3.477598e-18 1.3508605e-18 4.0513263e-18
906707.9 4.9224807e-18 1.4175032e-17 3.4658359e-18 1.346302e-18 4.037631e-18
907486.4 4.9058213e-18 1.4126508e-17 3.4540732e-18 1.3417435e-18 4.023936e-18
908265.44 4.8891614e-18 1.407798e-17 3.4423107e-18 1.337185e-18 4.0102407e-18
909045.25 4.872502e-18 1.4029453e-17 3.4305484e-18 1.3326265e-18 3.9965455e-18
909825.7 4.8558426e-18 1.3980927e-17 3.4187859e-18 1.3280679e-18 3.9828502e-18
910606.8 4.8391828e-18 1.3932402e-17 3.4070236e-18 1.3235095e-18 3.9691546e-18
911388.6 4.8225234e-18 1.3883876e-17 3.3952608e-18 1.318951e-18 3.9554594e-18
912171.06 4.805864e-18 1.3835349e-17 3.3834985e-18 1.3143925e-18 3.941764e-18
912954.25 4.789204e-18 1.37868236e-17 3.3717362e-18 1.3098339e-18 3.928069e-18
913738.0 4.7725447e-18 1.3738297e-17 3.3599735e-18 1.3052754e-18 3.9143738e-18
914522.5 4.7558853e-18 1.3689771e-17 3.3482112e-18 1.3007169e-18 3.9006785e-18
915307.7 4.739226e-18 1.36412456e-17 3.3364487e-18 1.2961584e-18 3.8869833e-18
916093.5 4.722566e-18 1.3592718e-17 3.3246864e-18 1.2915999e-18 3.8732877e-18
916880.0 4.7059066e-18 1.35441925e-17 3.312924e-18 1.2870413e-18 3.8595925e-18
917667.2 4.689247e-18 1.3495667e-17 3.3011614e-18 1.2824828e-18 3.8458973e-18
918455.06 4.6725878e-18 1.3447139e-17 3.289399e-18 1.2779244e-18 3.832202e-18
919243.56 4.655928e-18 1.3398614e-17 3.2776364e-18 1.273366e-18 3.818507e-18
920032.75 4.639269e-18 1.3350088e-17 3.2658739e-18 1.2688075e-18 3.8048116e-18
920822.7 4.622609e-18 1.3301562e-17 3.2541116e-18 1.2642489e-18 3.7911164e-18
921613.25 4.6059497e-18 1.3253035e-17 3.2423489e-18 1.2596905e-18 3.777421e-18
922404.5 4.5892903e-18 1.3204509e-17 3.2305868e-18 1.2551319e-18 3.763726e-18
923196.4 4.5726304e-18 1.3155984e-17 3.2188243e-18 1.2505734e-18 3.7500303e-18
923989.0 4.555971e-18 1.3107457e-17 3.2070617e-18 1.2460149e-18 3.736335e-18
924782.25 4.539311e-18 1.3058931e-17 3.1952992e-18 1.2414564e-18 3.72264e-18
925576.25 4.5226518e-18 1.30104046e-17 3.1835367e-18 1.236898e-18 3.7089447e-18
926370.9 4.5059924e-18 1.296188e-17 3.1717742e-18 1.2323394e-18 3.6952495e-18
927166.2 4.489333e-18 1.2913352e-17 3.160012e-18 1.2277809e-18 3.6815543e-18
927962.25 4.472673e-18 1.28648266e-17 3.1482494e-18 1.2232224e-18 3.667859e-18
928758.94 4.456014e-18 1.2816301e-17 3.136487e-18 1.2186639e-18 3.654164e-18
929556.3 4.4393543e-18 1.27677735e-17 3.1247244e-18 1.2141054e-18 3.6404686e-18
930354.4 4.4226944e-18 1.2719248e-17 3.1129619e-18 1.2095468e-18 3.626773e-18
931153.1 4.406035e-18 1.2670722e-17 3.1011996e-18 1.2049883e-18 3.6130778e-18
931952.56 4.3893756e-18 1.2622195e-17 3.089437e-18 1.2004298e-18 3.5993826e-18
932752.7 4.372716e-18 1.2573669e-17 3.0776746e-18 1.1958713e-18 3.5856873e-18
933553.44 4.3560568e-18 1.2525143e-17 3.0659123e-18 1.1913129e-18 3.571992e-18
934354.94 4.3393974e-18 1.24766175e-17 3.0541498e-18 1.1867544e-18 3.558297e-18
935157.1 4.3227375e-18 1.2428092e-17 3.0423875e-18 1.1821959e-18 3.5446017e-18
935960.0 4.306078e-18 1.2379564e-17 3.030625e-18 1.1776374e-18 3.5309065e-18
936763.56 4.2894187e-18 1.23310395e-17 3.0188624e-18 1.1730789e-18 3.517211e-18
937567.8 4.2727593e-18 1.2282514e-17 3.0071001e-18 1.1685204e-18 3.5035156e-18
938372.75 4.2560994e-18 1.2233986e-17 2.9953374e-18 1.1639619e-18 3.4898204e-18
939178.4 4.2394404e-18 1.2185461e-17 2.9835751e-18 1.1594033e-18 3.476125e-18
939984.75 4.2227806e-18 1.2136935e-17 2.9718126e-18 1.1548448e-18 3.4624298e-18
940791.75 4.2061208e-18 1.20884075e-17 2.96005e-18 1.1502864e-18 3.4487348e-18
941599.44 4.1894614e-18 1.2039882e-17 2.9482878e-18 1.1457279e-18 3.4350393e-18
942407.9 4.1728015e-18 1.1991356e-17 2.9365253e-18 1.1411694e-18 3.4213441e-18
943216.94 4.1561425e-18 1.1942829e-17 2.9247628e-18 1.1366109e-18 3.4076487e-18
944026.75 4.1394827e-18 1.1894303e-17 2.913e-18 1.1320523e-18 3.3939537e-18
944837.25 4.122823e-18 1.1845777e-17 2.9012378e-18 1.1274938e-18 3.3802585e-18
945648.4 4.106164e-18 1.179725e-17 2.8894755e-18 1.1229353e-18 3.366563e-18
946460.3 4.089504e-18 1.1748724e-17 2.8777128e-18 1.1183768e-18 3.3528678e-18
947272.9 4.072845e-18 1.17001984e-17 2.8659505e-18 1.1138183e-18 3.3391726e-18
948086.1 4.056185e-18 1.1651673e-17 2.854188e-18 1.1092599e-18 3.3254774e-18
948900.1 4.0395258e-18 1.1603146e-17 2.8424254e-18 1.1047014e-18 3.311782e-18
949714.75 4.0228664e-18 1.155462e-17 2.8306631e-18 1.1001428e-18 3.2980868e-18
950530.1 4.006207e-18 1.1506094e-17 2.8189004e-18 1.0955844e-18 3.2843916e-18
951346.2 3.989547e-18 1.1457569e-17 2.8071381e-18 1.0910258e-18 3.2706961e-18
952163.0 3.9728877e-18 1.1409042e-17 2.7953758e-18 1.0864674e-18 3.257001e-18
952980.44 3.956228e-18 1.1360516e-17 2.7836133e-18 1.0819089e-18 3.2433057e-18
953798.6 3.939569e-18 1.131199e-17 2.7718508e-18 1.0773503e-18 3.2296103e-18
954617.5 3.922909e-18 1.1263463e-17 2.7600885e-18 1.0727918e-18 3.215915e-18
955437.06 3.906249e-18 1.1214937e-17 2.7483258e-18 1.0682332e-18 3.20222e-18
956257.4 3.8895898e-18 1.1166411e-17 2.7365635e-18 1.0636749e-18 3.1885246e-18
957078.4 3.8729304e-18 1.1117886e-17 2.7248008e-18 1.0591164e-18 3.1748294e-18
957900.06 3.856271e-18 1.1069358e-17 2.7130385e-18 1.0545578e-18 3.1611342e-18
958722.44 3.8396115e-18 1.10208325e-17 2.7012762e-18 1.0499993e-18 3.1474388e-18
959545.56 3.822952e-18 1.0972307e-17 2.6895137e-18 1.0454408e-18 3.1337436e-18
960369.4 3.8062927e-18 1.0923781e-17 2.6777511e-18 1.0408823e-18 3.1200483e-18
961193.9 3.789633e-18 1.0875254e-17 2.6659884e-18 1.0363238e-18 3.106353e-18
962019.1 3.7729734e-18 1.0826727e-17 2.6542263e-18 1.0317652e-18 3.0926577e-18
962845.0 3.756314e-18 1.07782014e-17 2.6424638e-18 1.0272067e-18 3.0789625e-18
963671.7 3.739654e-18 1.0729676e-17 2.6307011e-18 1.0226483e-18 3.0652673e-18
964499.0 3.7229948e-18 1.0681149e-17 2.6189388e-18 1.0180899e-18 3.051572e-18
965327.06 3.7063353e-18 1.06326234e-17 2.6071765e-18 1.0135313e-18 3.0378766e-18
966155.9 3.689676e-18 1.0584097e-17 2.5954138e-18 1.0089728e-18 3.0241814e-18
966985.3 3.673016e-18 1.0535571e-17 2.5836513e-18 1.0044143e-18 3.0104862e-18
967815.56 3.6563567e-18 1.04870454e-17 2.571889e-18 9.998558e-19 2.9967908e-18
968646.44 3.6396973e-18 1.043852e-17 2.5601269e-18 9.952973e-19 2.9830958e-18
969478.06 3.6230374e-18 1.0389992e-17 2.5483642e-18 9.907388e-19 2.9694003e-18
970310.44 3.606378e-18 1.0341467e-17 2.5366015e-18 9.861802e-19 2.9557051e-18
971143.44 3.5897186e-18 1.0292941e-17 2.5248392e-18 9.816219e-19 2.94201e-18
971977.25 3.573059e-18 1.0244415e-17 2.5130767e-18 9.770633e-19 2.9283147e-18
972811.7 3.5563994e-18 1.0195888e-17 2.5013143e-18 9.725048e-19 2.9146193e-18
973646.94 3.53974e-18 1.0147362e-17 2.4895518e-18 9.679463e-19 2.900924e-18
974482.8 3.5230805e-18 1.0098836e-17 2.4777893e-18 9.633878e-19 2.8872288e-18
975319.44 3.506421e-18 1.0050309e-17 2.466027e-18 9.588293e-19 2.8735336e-18
976156.8 3.4897613e-18 1.0001783e-17 2.4542645e-18 9.542708e-19 2.8598384e-18
976994.9 3.473102e-18 9.953257e-18 2.442502e-18 9.497122e-19 2.846143e-18
977833.7 3.4564422e-18 9.904731e-18 2.4307395e-18 9.451537e-19 2.8324476e-18
978673.2 3.4397828e-18 9.856205e-18 2.4189772e-18 9.405952e-19 2.8187524e-18
979513.44 3.4231234e-18 9.8076795e-18 2.4072147e-18 9.360368e-19 2.8050571e-18
980354.4 3.4064636e-18 9.759152e-18 2.3954522e-18 9.314783e-19 2.7913621e-18
981196.06 3.3898041e-18 9.7106264e-18 2.3836897e-18 9.269198e-19 2.7776667e-18
982038.44 3.3731447e-18 9.662101e-18 2.3719272e-18 9.223613e-19 2.7639713e-18
982881.56 3.356485e-18 9.613575e-18 2.3601649e-18 9.178028e-19 2.750276e-18
983725.44 3.3398255e-18 9.565048e-18 2.3484024e-18 9.132443e-19 2.7365809e-18
