skypy/data/spectrum_templates/kcorrect_rawspec_nl.ecsv
# %ECSV 0.9
# ---
# meta:
#   origin:
#     citation: Michael R. Blanton and Sam Roweis 2007 AJ 133 734
#     bibcode: 2007AJ....133..734B
#     doi: 10.1086/510127
#     website: http://kcorrect.org
#     github: https://github.com/blanton144/kcorrect
# datatype:
# - name: spectral_axis
#   unit: angstrom
#   datatype: float32
# - name: flux_0
#   unit: erg s-1 cm-2 angstrom-1
#   datatype: float32
# - name: flux_1
#   unit: erg s-1 cm-2 angstrom-1
#   datatype: float32
# - name: flux_2
#   unit: erg s-1 cm-2 angstrom-1
#   datatype: float32
# - name: flux_3
#   unit: erg s-1 cm-2 angstrom-1
#   datatype: float32
# - name: flux_4
#   unit: erg s-1 cm-2 angstrom-1
#   datatype: float32
spectral_axis flux_0 flux_1 flux_2 flux_3 flux_4
600.25757 2.130476e-14 2.586689e-08 6.4826004e-13 3.210247e-13 5.5789314e-13
600.7729 2.113967e-14 2.5938013e-08 6.447603e-13 3.1863404e-13 5.564224e-13
601.2887 2.097458e-14 2.6009134e-08 6.4126054e-13 3.1624334e-13 5.5495165e-13
601.80493 2.0809492e-14 2.6080256e-08 6.3776084e-13 3.1385268e-13 5.5348087e-13
602.3216 2.0644402e-14 2.6151378e-08 6.342611e-13 3.11462e-13 5.5201015e-13
602.8387 2.047931e-14 2.6222498e-08 6.3076134e-13 3.0907132e-13 5.505394e-13
603.35626 2.031422e-14 2.629362e-08 6.272616e-13 3.0668065e-13 5.4906866e-13
603.87427 2.014913e-14 2.6364743e-08 6.237619e-13 3.0428996e-13 5.475979e-13
604.3927 1.998404e-14 2.6435865e-08 6.2026214e-13 3.018993e-13 5.4612716e-13
604.9116 1.981895e-14 2.6506985e-08 6.1676245e-13 2.995086e-13 5.446564e-13
605.43097 1.965386e-14 2.6578107e-08 6.132627e-13 2.971179e-13 5.4318567e-13
605.95074 1.948877e-14 2.6649229e-08 6.09763e-13 2.9472724e-13 5.4171484e-13
606.47095 1.9323683e-14 2.6720352e-08 6.062633e-13 2.9233658e-13 5.402442e-13
606.99164 1.9158603e-14 2.6791477e-08 6.0276366e-13 2.8994602e-13 5.3877345e-13
607.51276 1.8993496e-14 2.6862592e-08 5.9926375e-13 2.8755516e-13 5.373026e-13
608.03436 1.8828265e-14 2.6933652e-08 5.9576167e-13 2.8516268e-13 5.358313e-13
608.5564 1.8662574e-14 2.7004512e-08 5.9225227e-13 2.8276445e-13 5.3435804e-13
609.07886 1.8498483e-14 2.707607e-08 5.8876867e-13 2.8038634e-13 5.3289144e-13
609.60175 1.8343022e-14 2.7151371e-08 5.854239e-13 2.7811653e-13 5.314607e-13
610.1251 1.8249786e-14 2.7253694e-08 5.830812e-13 2.7662809e-13 5.302885e-13
610.649 1.8451806e-14 2.7484228e-08 5.8549265e-13 2.7884715e-13 5.3034313e-13
611.1732 1.8649116e-14 2.7712716e-08 5.878283e-13 2.8100702e-13 5.303782e-13
611.69794 1.8846368e-14 2.7941178e-08 5.9016296e-13 2.8316615e-13 5.30413e-13
612.2231 1.9043605e-14 2.8169636e-08 5.9249735e-13 2.8532507e-13 5.3044776e-13
612.7487 1.9240838e-14 2.839809e-08 5.9483175e-13 2.87484e-13 5.304825e-13
613.2748 1.9438071e-14 2.8626546e-08 5.971662e-13 2.8964296e-13 5.305172e-13
613.80133 1.963531e-14 2.8855e-08 5.995006e-13 2.918019e-13 5.30552e-13
614.3283 1.9832545e-14 2.9083454e-08 6.01835e-13 2.9396085e-13 5.3058675e-13
614.8557 2.0029783e-14 2.9311911e-08 6.041695e-13 2.961198e-13 5.3062145e-13
615.3836 2.022702e-14 2.9540368e-08 6.065039e-13 2.9827874e-13 5.306562e-13
615.9119 2.0424255e-14 2.9768826e-08 6.088383e-13 3.0043768e-13 5.30691e-13
616.44073 2.0621491e-14 2.9997278e-08 6.1117273e-13 3.0259663e-13 5.3072575e-13
616.97 2.0818726e-14 3.0225735e-08 6.1350713e-13 3.0475557e-13 5.307605e-13
617.49963 2.1015963e-14 3.045419e-08 6.158415e-13 3.069145e-13 5.307952e-13
618.0298 2.1213195e-14 3.0682642e-08 6.181759e-13 3.0907338e-13 5.3082994e-13
618.5604 2.1410438e-14 3.0911103e-08 6.205104e-13 3.1123243e-13 5.3086474e-13
619.0915 2.1607756e-14 3.1139656e-08 6.228461e-13 3.1339238e-13 5.308998e-13
619.623 2.1805311e-14 3.136846e-08 6.251853e-13 3.15555e-13 5.30936e-13
620.15497 2.1942853e-14 3.1531176e-08 6.2663525e-13 3.1701562e-13 5.3070124e-13
620.6874 2.1865073e-14 3.145678e-08 6.2489526e-13 3.159573e-13 5.2949436e-13
621.2203 2.1798666e-14 3.13949e-08 6.233237e-13 3.1503202e-13 5.283388e-13
621.7536 2.1735543e-14 3.1336644e-08 6.2180084e-13 3.1414514e-13 5.271981e-13
622.2874 2.1672268e-14 3.1278216e-08 6.202757e-13 3.1325653e-13 5.2605663e-13
622.82166 2.1608827e-14 3.121961e-08 6.187482e-13 3.1236602e-13 5.2491453e-13
623.3564 2.1545342e-14 3.116095e-08 6.1722e-13 3.1147489e-13 5.2377216e-13
623.89154 2.1481858e-14 3.1102296e-08 6.156918e-13 3.1058383e-13 5.226298e-13
624.4272 2.1418378e-14 3.1043644e-08 6.141636e-13 3.0969278e-13 5.214874e-13
624.9633 2.1354897e-14 3.098499e-08 6.126355e-13 3.0880173e-13 5.2034505e-13
625.4999 2.1291418e-14 3.0926337e-08 6.111073e-13 3.079107e-13 5.1920274e-13
626.03687 2.1227935e-14 3.0867685e-08 6.095791e-13 3.0701963e-13 5.180604e-13
626.57434 2.1164455e-14 3.080903e-08 6.08051e-13 3.0612863e-13 5.16918e-13
627.1123 2.1100975e-14 3.075038e-08 6.0652275e-13 3.0523755e-13 5.157757e-13
627.6507 2.103749e-14 3.0691723e-08 6.0499457e-13 3.043465e-13 5.146333e-13
628.1896 2.0974013e-14 3.0633075e-08 6.0346644e-13 3.034555e-13 5.13491e-13
628.7289 2.0910577e-14 3.0574444e-08 6.0193885e-13 3.025649e-13 5.123489e-13
629.2687 2.0847263e-14 3.0515896e-08 6.004128e-13 3.016758e-13 5.1120756e-13
629.80896 2.0783176e-14 3.0456874e-08 5.9887707e-13 3.0077793e-13 5.1006156e-13
630.3497 2.0771711e-14 3.042982e-08 5.9799106e-13 3.0047278e-13 5.0923605e-13
630.8908 2.0785345e-14 3.041801e-08 5.9741486e-13 3.0045037e-13 5.0856346e-13
631.4325 2.0800358e-14 3.0407044e-08 5.968556e-13 3.004435e-13 5.078993e-13
631.9746 2.0815306e-14 3.039603e-08 5.962956e-13 3.004359e-13 5.0723466e-13
632.51715 2.0830183e-14 3.0384978e-08 5.957347e-13 3.0042746e-13 5.0656967e-13
633.0602 2.0845042e-14 3.037391e-08 5.9517365e-13 3.0041884e-13 5.0590456e-13
633.6037 2.0859902e-14 3.036285e-08 5.9461247e-13 3.0041022e-13 5.0523946e-13
634.1477 2.087476e-14 3.0351785e-08 5.940514e-13 3.004016e-13 5.0457436e-13
634.69214 2.088962e-14 3.0340722e-08 5.934903e-13 3.0039298e-13 5.0390925e-13
635.23706 2.090448e-14 3.0329655e-08 5.9292924e-13 3.003844e-13 5.032441e-13
635.7824 2.091934e-14 3.0318592e-08 5.923681e-13 3.0037577e-13 5.02579e-13
636.32825 2.09342e-14 3.030753e-08 5.9180704e-13 3.0036715e-13 5.019139e-13
636.8746 2.0949061e-14 3.0296466e-08 5.912459e-13 3.0035856e-13 5.0124873e-13
637.4214 2.0963915e-14 3.02854e-08 5.906848e-13 3.003499e-13 5.0058357e-13
637.9686 2.0978783e-14 3.0274336e-08 5.9012376e-13 3.0034138e-13 4.999185e-13
638.51636 2.0993725e-14 3.0263287e-08 5.8956355e-13 3.003336e-13 4.992539e-13
639.0645 2.100893e-14 3.0252284e-08 5.890061e-13 3.0032856e-13 4.985907e-13
639.6132 2.1023215e-14 3.0241118e-08 5.884389e-13 3.0031403e-13 4.9792234e-13
640.16235 2.1019046e-14 3.022668e-08 5.8767655e-13 3.0010914e-13 4.9714985e-13
640.7119 2.096036e-14 3.0202578e-08 5.863377e-13 2.9934199e-13 4.9606993e-13
641.262 2.0904331e-14 3.017895e-08 5.850268e-13 2.986022e-13 4.950049e-13
641.81256 2.084817e-14 3.015529e-08 5.837146e-13 2.9786105e-13 4.9393915e-13
642.3636 2.0791874e-14 3.0131613e-08 5.8240094e-13 2.9711853e-13 4.928726e-13
642.9151 2.073554e-14 3.0107927e-08 5.8108694e-13 2.9637564e-13 4.9180587e-13
643.46704 2.0679208e-14 3.008424e-08 5.7977294e-13 2.9563274e-13 4.907392e-13
644.0195 2.0622875e-14 3.0060555e-08 5.7845894e-13 2.9488984e-13 4.896725e-13
644.5724 2.0566546e-14 3.0036873e-08 5.7714494e-13 2.9414698e-13 4.8860574e-13
645.1258 2.0510217e-14 3.0013187e-08 5.7583094e-13 2.934041e-13 4.8753905e-13
645.6797 2.0453889e-14 2.9989504e-08 5.74517e-13 2.9266124e-13 4.8647235e-13
646.234 2.039756e-14 2.9965822e-08 5.73203e-13 2.9191837e-13 4.8540566e-13
646.7888 2.0341229e-14 2.9942132e-08 5.7188894e-13 2.911755e-13 4.843389e-13
647.3441 2.0284897e-14 2.9918432e-08 5.7057495e-13 2.904326e-13 4.832722e-13
647.8999 2.0228573e-14 2.9894775e-08 5.69261e-13 2.8968977e-13 4.822056e-13
648.4561 2.017229e-14 2.9871327e-08 5.679475e-13 2.8894725e-13 4.811391e-13
649.0129 2.0116148e-14 2.9848632e-08 5.6663544e-13 2.8820593e-13 4.8007334e-13
649.57007 2.0059478e-14 2.982317e-08 5.653179e-13 2.8746032e-13 4.790049e-13
650.12775 1.9995817e-14 2.9761532e-08 5.639286e-13 2.866593e-13 4.779007e-13
650.6859 1.990249e-14 2.9546383e-08 5.6223467e-13 2.85623e-13 4.766448e-13
651.24457 1.9810401e-14 2.9337626e-08 5.605534e-13 2.8459648e-13 4.753953e-13
651.8037 1.9718234e-14 2.9128472e-08 5.5887136e-13 2.835694e-13 4.741454e-13
652.3633 1.9625996e-14 2.891894e-08 5.5718857e-13 2.825417e-13 4.7289505e-13
652.92334 1.9533737e-14 2.8709298e-08 5.555055e-13 2.8151385e-13 4.7164464e-13
653.48395 1.9441476e-14 2.8499661e-08 5.5382245e-13 2.8048598e-13 4.703942e-13
654.045 1.934922e-14 2.8290028e-08 5.521395e-13 2.7945818e-13 4.6914377e-13
654.6065 1.925696e-14 2.8080398e-08 5.504565e-13 2.784303e-13 4.678934e-13
655.1685 1.9164703e-14 2.7870763e-08 5.4877343e-13 2.7740245e-13 4.6664295e-13
655.731 1.9072438e-14 2.7661118e-08 5.470904e-13 2.7637454e-13 4.653925e-13
656.29395 1.898019e-14 2.7451515e-08 5.454075e-13 2.7534683e-13 4.641422e-13
656.8574 1.888803e-14 2.7242132e-08 5.4372555e-13 2.7431985e-13 4.6289237e-13
657.4214 1.8796288e-14 2.7033808e-08 5.4204807e-13 2.732966e-13 4.6164505e-13
657.9858 1.8715376e-14 2.685288e-08 5.404856e-13 2.7237e-13 4.604636e-13
658.55066 1.8765397e-14 2.70033e-08 5.403148e-13 2.7261147e-13 4.60078e-13
659.1161 1.8828324e-14 2.7186369e-08 5.4028114e-13 2.7296806e-13 4.5977073e-13
659.68195 1.8893155e-14 2.7374263e-08 5.4026775e-13 2.7334168e-13 4.594751e-13
660.24835 1.8957885e-14 2.7561896e-08 5.402532e-13 2.7371437e-13 4.591788e-13
660.8152 1.9022519e-14 2.7749289e-08 5.402378e-13 2.740862e-13 4.58882e-13
661.3825 1.9087127e-14 2.7936611e-08 5.4022195e-13 2.7445784e-13 4.58585e-13
661.9503 1.9151737e-14 2.812394e-08 5.4020617e-13 2.7482945e-13 4.5828803e-13
662.5187 1.9216348e-14 2.8311275e-08 5.4019045e-13 2.7520109e-13 4.5799107e-13
663.08746 1.9280955e-14 2.8498597e-08 5.401747e-13 2.7557267e-13 4.57694e-13
663.65674 1.934553e-14 2.8685859e-08 5.401585e-13 2.7594395e-13 4.573968e-13
664.2265 1.9409995e-14 2.8872899e-08 5.401413e-13 2.7631418e-13 4.5709904e-13
664.79675 1.9475117e-14 2.9061262e-08 5.4013077e-13 2.7669078e-13 4.568049e-13
665.36755 1.9496415e-14 2.9161551e-08 5.3967253e-13 2.7664337e-13 4.5626865e-13
665.9388 1.9496483e-14 2.9219185e-08 5.3899756e-13 2.7639062e-13 4.5561515e-13
666.5105 1.949542e-14 2.9274542e-08 5.38311e-13 2.7612694e-13 4.549554e-13
667.08276 1.949442e-14 2.9330025e-08 5.37625e-13 2.7586383e-13 4.54296e-13
667.65546 1.9493474e-14 2.938562e-08 5.3693963e-13 2.7560126e-13 4.536369e-13
668.2287 1.9492546e-14 2.9441248e-08 5.3625447e-13 2.7533886e-13 4.5297788e-13
668.80237 1.9491617e-14 2.9496878e-08 5.355692e-13 2.7507646e-13 4.523189e-13
669.3766 1.9490684e-14 2.95525e-08 5.34884e-13 2.7481405e-13 4.5165987e-13
669.95123 1.9489754e-14 2.9608122e-08 5.3419877e-13 2.7455162e-13 4.510009e-13
670.5264 1.9488825e-14 2.966375e-08 5.335135e-13 2.7428924e-13 4.5034186e-13
671.1021 1.9487895e-14 2.9719374e-08 5.328283e-13 2.7402681e-13 4.4968283e-13
671.6783 1.9486964e-14 2.9774998e-08 5.3214307e-13 2.7376438e-13 4.4902385e-13
672.25494 1.9486034e-14 2.9830623e-08 5.3145785e-13 2.7350198e-13 4.483648e-13
672.8321 1.9485104e-14 2.9886248e-08 5.3077264e-13 2.7323957e-13 4.477058e-13
673.4097 1.948417e-14 2.994187e-08 5.300874e-13 2.7297714e-13 4.4704678e-13
673.9879 1.9483235e-14 2.9997477e-08 5.294021e-13 2.7271469e-13 4.4638775e-13
674.5665 1.9482086e-14 3.0052412e-08 5.287146e-13 2.724505e-13 4.4572744e-13
675.1457 1.9459137e-14 3.003834e-08 5.277992e-13 2.720097e-13 4.4493928e-13
675.72534 1.9327091e-14 2.9678962e-08 5.257434e-13 2.7068517e-13 4.4351138e-13
676.3055 1.9201095e-14 2.9338725e-08 5.237508e-13 2.6940963e-13 4.4211892e-13
676.8861 1.9076862e-14 2.9004068e-08 5.217766e-13 2.6814838e-13 4.407368e-13
677.4672 1.895253e-14 2.86691e-08 5.198014e-13 2.6688634e-13 4.3935407e-13
678.0489 1.882811e-14 2.8333856e-08 5.1782526e-13 2.6562357e-13 4.3797087e-13
678.63104 1.8703663e-14 2.799853e-08 5.1584887e-13 2.643606e-13 4.365875e-13
679.2136 1.857922e-14 2.7663205e-08 5.138725e-13 2.6309762e-13 4.3520412e-13
679.79675 1.8454778e-14 2.732789e-08 5.1189614e-13 2.6183466e-13 4.338208e-13
680.38043 1.8330335e-14 2.699257e-08 5.099198e-13 2.6057173e-13 4.3243745e-13
680.96454 1.8205894e-14 2.6657256e-08 5.0794346e-13 2.593088e-13 4.3105412e-13
681.5492 1.8081455e-14 2.632195e-08 5.059671e-13 2.5804586e-13 4.2967078e-13
682.13434 1.7957005e-14 2.5986612e-08 5.039907e-13 2.5678288e-13 4.2828737e-13
682.72 1.7832517e-14 2.565112e-08 5.020138e-13 2.555195e-13 4.2690377e-13
683.3061 1.7707876e-14 2.5315067e-08 5.000353e-13 2.542549e-13 4.2551918e-13
683.89276 1.758381e-14 2.498115e-08 4.98063e-13 2.529951e-13 4.241381e-13
684.4799 1.7462594e-14 2.4657853e-08 4.961223e-13 2.5175942e-13 4.227744e-13
685.06757 1.736295e-14 2.4414922e-08 4.9441934e-13 2.507058e-13 4.215416e-13
685.6557 1.7412651e-14 2.472835e-08 4.943631e-13 2.5091273e-13 4.2121553e-13
686.2444 1.746846e-14 2.5064542e-08 4.9437424e-13 2.511713e-13 4.2092659e-13
686.83356 1.7524739e-14 2.5402468e-08 4.943905e-13 2.5143375e-13 4.2064046e-13
687.4232 1.7581151e-14 2.57409e-08 4.944082e-13 2.5169734e-13 4.2035516e-13
688.0134 1.7637555e-14 2.6079302e-08 4.944259e-13 2.519609e-13 4.2006982e-13
688.60406 1.7693954e-14 2.6417679e-08 4.9444346e-13 2.5222438e-13 4.1978446e-13
689.1953 1.775035e-14 2.675605e-08 4.944611e-13 2.5248786e-13 4.1949902e-13
689.787 1.7806743e-14 2.7094421e-08 4.9447864e-13 2.5275132e-13 4.1921363e-13
690.3792 1.7863139e-14 2.7432792e-08 4.944962e-13 2.530148e-13 4.1892824e-13
690.9719 1.7919534e-14 2.7771161e-08 4.9451377e-13 2.5327827e-13 4.1864285e-13
691.5651 1.7975928e-14 2.8109516e-08 4.945313e-13 2.535417e-13 4.1835738e-13
692.1589 1.8032308e-14 2.8447827e-08 4.945487e-13 2.5380506e-13 4.1807194e-13
692.7531 1.8088734e-14 2.8786314e-08 4.945666e-13 2.5406877e-13 4.1778668e-13
693.3479 1.8145397e-14 2.9125694e-08 4.94587e-13 2.5433445e-13 4.1750284e-13
693.9432 1.8202887e-14 2.9468213e-08 4.946161e-13 2.5460702e-13 4.172238e-13
694.53894 1.8257168e-14 2.9798574e-08 4.9461135e-13 2.5485294e-13 4.169261e-13
695.13525 1.8272157e-14 2.998001e-08 4.9419057e-13 2.5477233e-13 4.1639993e-13
695.73206 1.8119517e-14 2.952612e-08 4.91995e-13 2.5329882e-13 4.1489918e-13
696.32935 1.797341e-14 2.9096995e-08 4.8986867e-13 2.5187957e-13 4.1343637e-13
696.9272 1.7826825e-14 2.8666047e-08 4.877372e-13 2.5045634e-13 4.1197075e-13
697.5255 1.7679836e-14 2.8233575e-08 4.8560147e-13 2.4902977e-13 4.1050288e-13
698.1244 1.753273e-14 2.7800668e-08 4.8346456e-13 2.4760223e-13 4.0903424e-13
698.72375 1.7385632e-14 2.7367786e-08 4.813277e-13 2.4617477e-13 4.0756572e-13
699.3236 1.723854e-14 2.6934925e-08 4.791909e-13 2.4474734e-13 4.060972e-13
699.924 1.709145e-14 2.650207e-08 4.770541e-13 2.4331993e-13 4.046287e-13
700.52496 1.694436e-14 2.6069214e-08 4.7491736e-13 2.4189252e-13 4.0316017e-13
701.12634 1.6797268e-14 2.5636357e-08 4.7278056e-13 2.4046506e-13 4.0169167e-13
701.72833 1.6650181e-14 2.5203507e-08 4.706438e-13 2.3903766e-13 4.0022315e-13
702.33075 1.6503102e-14 2.4770697e-08 4.685072e-13 2.3761036e-13 3.987547e-13
702.9338 1.6356064e-14 2.4338028e-08 4.6637087e-13 2.3618336e-13 3.9728648e-13
703.53723 1.6208872e-14 2.3904803e-08 4.642331e-13 2.3475514e-13 3.9581738e-13
704.1413 1.6060937e-14 2.3468868e-08 4.620874e-13 2.3332074e-13 3.9434387e-13
704.7458 1.590773e-14 2.3013618e-08 4.598861e-13 2.3184276e-13 3.9283916e-13
705.3508 1.5905165e-14 2.3109767e-08 4.592741e-13 2.3160982e-13 3.9222515e-13
705.9564 1.6003795e-14 2.3576328e-08 4.597298e-13 2.322132e-13 3.9220938e-13
706.5625 1.6100168e-14 2.4034625e-08 4.601617e-13 2.327979e-13 3.9218027e-13
707.1691 1.619588e-14 2.4490499e-08 4.605866e-13 2.3337717e-13 3.9214723e-13
707.77625 1.6291632e-14 2.494652e-08 4.610119e-13 2.3395673e-13 3.9211443e-13
708.3839 1.6387414e-14 2.5402663e-08 4.6143764e-13 2.3453662e-13 3.9208182e-13
708.9921 1.6483209e-14 2.5858839e-08 4.618634e-13 2.3511656e-13 3.920493e-13
709.60077 1.6579001e-14 2.6315016e-08 4.6228917e-13 2.356965e-13 3.9201674e-13
710.21 1.6674796e-14 2.6771186e-08 4.6271494e-13 2.3627644e-13 3.919842e-13
710.81976 1.6770588e-14 2.7227362e-08 4.631407e-13 2.3685635e-13 3.9195163e-13
711.43005 1.6866381e-14 2.7683535e-08 4.6356647e-13 2.374363e-13 3.9191914e-13
712.04083 1.6962174e-14 2.8139711e-08 4.6399223e-13 2.3801623e-13 3.918866e-13
712.65216 1.7057966e-14 2.8595881e-08 4.64418e-13 2.3859612e-13 3.9185406e-13
713.264 1.7153754e-14 2.9052028e-08 4.648437e-13 2.3917603e-13 3.9182148e-13
713.87634 1.7249524e-14 2.9508112e-08 4.6526926e-13 2.3975578e-13 3.9178881e-13
714.48926 1.7345361e-14 2.996447e-08 4.6569546e-13 2.4033604e-13 3.9175648e-13
715.10266 1.7441515e-14 3.042215e-08 4.6612497e-13 2.4091888e-13 3.9172593e-13
715.7166 1.7539911e-14 3.0889225e-08 4.6657784e-13 2.415196e-13 3.917079e-13
