skypy/data/spectrum_templates/kcorrect_spec_nd.ecsv
# %ECSV 0.9
# ---
# meta:
#   origin:
#     citation: Michael R. Blanton and Sam Roweis 2007 AJ 133 734
#     bibcode: 2007AJ....133..734B
#     doi: 10.1086/510127
#     website: http://kcorrect.org
#     github: https://github.com/blanton144/kcorrect
# datatype:
# - name: spectral_axis
#   unit: angstrom
#   datatype: float32
# - name: flux_0
#   unit: erg s-1 cm-2 angstrom-1
#   datatype: float32
# - name: flux_1
#   unit: erg s-1 cm-2 angstrom-1
#   datatype: float32
# - name: flux_2
#   unit: erg s-1 cm-2 angstrom-1
#   datatype: float32
# - name: flux_3
#   unit: erg s-1 cm-2 angstrom-1
#   datatype: float32
# - name: flux_4
#   unit: erg s-1 cm-2 angstrom-1
#   datatype: float32
spectral_axis flux_0 flux_1 flux_2 flux_3 flux_4
[from data line 7403]
344694.75 5.042773e-16 1.4976071e-15 3.3968523e-16 1.2978754e-16 4.1038897e-16
344990.7 5.02085e-16 1.4909931e-15 3.3820337e-16 1.2922283e-16 4.0859686e-16
345286.88 4.9989285e-16 1.4843794e-15 3.367216e-16 1.2865816e-16 4.0680486e-16
345583.3 4.9770057e-16 1.4777654e-15 3.3523976e-16 1.2809346e-16 4.0501277e-16
345880.0 4.955084e-16 1.4711517e-15 3.3375798e-16 1.2752878e-16 4.0322074e-16
346176.97 4.933161e-16 1.4645393e-15 3.322762e-16 1.2696408e-16 4.0142869e-16
346474.16 4.911273e-16 1.4649009e-15 3.3097124e-16 1.2639968e-16 3.9963668e-16
346771.62 4.924611e-16 8.895887e-15 5.180379e-16 1.2612874e-16 3.978446e-16
347069.34 1.3518781e-15 1.8262928e-12 4.6589028e-14 1.9734211e-16 3.9605257e-16
347367.3 4.9201156e-14 1.02760016e-10 2.6053294e-12 4.1831387e-15 3.9426049e-16
347665.56 6.3067444e-13 1.3292738e-09 3.3698325e-11 5.262354e-14 3.9246838e-16
347964.03 1.8732034e-12 3.9501606e-09 1.00139674e-10 1.5613449e-13 3.9067637e-16
348262.78 1.2789134e-12 2.6966218e-09 6.8361566e-11 1.066256e-13 3.8888431e-16
348561.78 2.0096388e-13 4.228936e-10 1.0720937e-11 1.6824504e-14 3.8709226e-16
348861.03 7.696345e-15 1.5236463e-11 3.8653848e-13 7.2358806e-16 3.853002e-16
349160.53 5.3116917e-16 1.2748335e-13 3.513801e-15 1.2629691e-16 3.8350817e-16
349460.3 4.693151e-16 1.6314959e-15 3.22053e-16 1.2076196e-16 3.8171609e-16
349760.34 4.670093e-16 1.3852762e-15 3.14497e-16 1.2018781e-16 3.7992403e-16
350060.62 4.64817e-16 1.3785577e-15 3.1301253e-16 1.1962311e-16 3.7813197e-16
350361.16 4.626248e-16 1.3719438e-15 3.1153072e-16 1.1905843e-16 3.7633991e-16
350661.97 4.6043255e-16 1.36533e-15 3.100489e-16 1.1849374e-16 3.7454788e-16
350963.03 4.5824027e-16 1.358716e-15 3.085671e-16 1.1792905e-16 3.727558e-16
351264.34 4.5604804e-16 1.3521023e-15 3.0708526e-16 1.1736436e-16 3.7096374e-16
351565.9 4.538558e-16 1.3454884e-15 3.0560345e-16 1.1679968e-16 3.691717e-16
351867.75 4.516636e-16 1.3388806e-15 3.041218e-16 1.1623498e-16 3.6737963e-16
352169.84 4.494752e-16 1.3403476e-15 3.0284218e-16 1.1567062e-16 3.6558757e-16
352472.2 4.4843777e-16 3.7627914e-15 3.621413e-16 1.152013e-16 3.6379554e-16
352774.8 5.2530495e-16 1.7004518e-13 4.521615e-15 1.2116587e-16 3.6200343e-16
353077.7 1.7186816e-15 2.6847292e-12 6.744381e-14 2.193395e-16 3.6021138e-16
353380.8 5.101804e-15 9.805198e-12 2.4561394e-13 4.983574e-16 3.5841937e-16
353684.2 4.3505526e-15 8.229664e-12 2.0618893e-13 4.3593027e-16 3.5662737e-16
353987.84 1.1905815e-15 1.5877671e-12 3.9991197e-14 1.7457443e-16 3.5483523e-16
354291.75 4.6753344e-16 7.155392e-14 2.0505425e-15 1.1447652e-16 3.5304323e-16
354595.94 4.3227334e-16 1.9943173e-15 3.0867553e-16 1.1118086e-16 3.5125117e-16
354900.38 4.2974198e-16 1.2744071e-15 2.8934532e-16 1.1058815e-16 3.4945909e-16
355205.06 4.2754896e-16 1.2661231e-15 2.8782172e-16 1.100234e-16 3.4766706e-16
355510.03 4.2535668e-16 1.2595083e-15 2.8633986e-16 1.0945871e-16 3.45875e-16
355815.25 4.2316443e-16 1.2528945e-15 2.8485803e-16 1.0889401e-16 3.4408291e-16
356120.72 4.2097225e-16 1.2462807e-15 2.8337625e-16 1.0832934e-16 3.422909e-16
356426.47 4.1877997e-16 1.2396668e-15 2.8189444e-16 1.07764653e-16 3.4049885e-16
356732.47 4.165878e-16 1.2330531e-15 2.8041267e-16 1.0719997e-16 3.3870682e-16
357038.75 4.1439552e-16 1.226439e-15 2.7893078e-16 1.0663526e-16 3.3691474e-16
357345.28 4.1220324e-16 1.2198253e-15 2.7744898e-16 1.06070574e-16 3.3512268e-16
357652.1 4.10011e-16 1.2132113e-15 2.7596715e-16 1.05505875e-16 3.333306e-16
357959.16 4.0781873e-16 1.2065974e-15 2.7448531e-16 1.0494118e-16 3.3153852e-16
358266.47 4.0562653e-16 1.1999837e-15 2.730035e-16 1.043765e-16 3.297465e-16
358574.06 4.0343428e-16 1.1936252e-15 2.7152197e-16 1.0381181e-16 3.2795443e-16
358881.9 4.012557e-16 1.5580294e-15 2.70463e-16 1.0325148e-16 3.261624e-16
359190.03 4.036042e-16 1.2512062e-13 4.0980349e-16 1.0413866e-16 3.2437031e-16
359498.4 7.4612385e-16 9.505842e-12 1.1098816e-14 2.1379258e-16 3.2257826e-16
359807.03 6.547641e-15 1.674436e-10 1.9108685e-13 2.0689133e-15 3.2078623e-16
360115.94 2.5293563e-14 6.776406e-10 7.7251763e-13 8.062895e-15 3.1899417e-16
360425.12 2.354055e-14 6.299951e-10 7.1821824e-13 7.50252e-15 3.172021e-16
360734.56 5.332315e-15 1.345496e-10 1.5359567e-13 1.6807323e-15 3.1541003e-16
361044.28 6.2847097e-16 6.6023836e-12 7.7825955e-15 1.7685541e-16 3.13618e-16
361354.25 3.864381e-16 7.55346e-14 3.4297418e-16 9.9603776e-17 3.1182594e-16
361664.47 3.8151897e-16 1.3198654e-15 2.569231e-16 9.816718e-17 3.100339e-16
361974.97 3.7931967e-16 1.120732e-15 2.5522188e-16 9.760024e-17 3.0824185e-16
362285.75 3.771274e-16 1.1140035e-15 2.5373994e-16 9.703554e-17 3.064498e-16
362596.78 3.749352e-16 1.1073897e-15 2.5225814e-16 9.647086e-17 3.0465777e-16
362908.1 3.727429e-16 1.1007757e-15 2.507763e-16 9.590616e-17 3.0286568e-16
363219.66 3.705507e-16 1.094162e-15 2.4929448e-16 9.534147e-17 3.0107363e-16
363531.5 3.6835846e-16 1.0875481e-15 2.4781267e-16 9.477678e-17 2.9928157e-16
363843.62 3.6616618e-16 1.0809341e-15 2.463308e-16 9.421208e-17 2.9748949e-16
364156.0 3.6397395e-16 1.0743203e-15 2.44849e-16 9.3647394e-17 2.9569745e-16
364468.62 3.6178172e-16 1.0677064e-15 2.4336723e-16 9.308271e-17 2.939054e-16
364781.53 3.595895e-16 1.0610927e-15 2.4188543e-16 9.251803e-17 2.9211337e-16
365094.72 3.5739721e-16 1.0544788e-15 2.404036e-16 9.1953334e-17 2.9032128e-16
365408.16 3.5520501e-16 1.047865e-15 2.389218e-16 9.138865e-17 2.8852925e-16
365721.88 3.5301279e-16 1.041251e-15 2.3743998e-16 9.082397e-17 2.8673722e-16
366035.88 3.508205e-16 1.0346372e-15 2.3595813e-16 9.025926e-17 2.849451e-16
366350.12 3.4862828e-16 1.0280233e-15 2.3447635e-16 8.969458e-17 2.8315308e-16
366664.66 3.4643603e-16 1.0214095e-15 2.3299452e-16 8.912989e-17 2.8136103e-16
366979.47 3.4424375e-16 1.0147954e-15 2.3151266e-16 8.856519e-17 2.7956894e-16
367294.53 3.4205154e-16 1.0081818e-15 2.3003088e-16 8.8000496e-17 2.777769e-16
367609.88 3.398593e-16 1.0015679e-15 2.2854902e-16 8.743581e-17 2.7598483e-16
367925.47 3.3766706e-16 9.94954e-16 2.2706725e-16 8.6871123e-17 2.7419277e-16
368241.34 3.3547486e-16 9.883403e-16 2.2558547e-16 8.630644e-17 2.7240077e-16
368557.5 3.332826e-16 9.817264e-16 2.241036e-16 8.5741744e-17 2.7060868e-16
368873.9 3.310904e-16 9.751126e-16 2.2262183e-16 8.5177064e-17 2.6881665e-16
369190.62 3.288981e-16 9.684985e-16 2.2114e-16 8.4612364e-17 2.6702457e-16
369507.6 3.2670585e-16 9.618848e-16 2.1965817e-16 8.404767e-17 2.652325e-16
369824.8 3.2451365e-16 9.552709e-16 2.1817638e-16 8.348299e-17 2.6344048e-16
370142.3 3.223214e-16 9.48657e-16 2.1669456e-16 8.2918305e-17 2.6164842e-16
370460.12 3.2012911e-16 9.420432e-16 2.1521272e-16 8.23536e-17 2.5985634e-16
370778.16 3.1793694e-16 9.354294e-16 2.1373092e-16 8.1788926e-17 2.580643e-16
371096.5 3.1574466e-16 9.288155e-16 2.1224909e-16 8.1224226e-17 2.5627225e-16
371415.1 3.1355243e-16 9.222017e-16 2.1076727e-16 8.065954e-17 2.544802e-16
371733.97 3.113602e-16 9.155878e-16 2.0928547e-16 8.009485e-17 2.5268814e-16
372053.12 3.0916793e-16 9.089738e-16 2.0780363e-16 7.9530153e-17 2.5089606e-16
372372.53 3.0697573e-16 9.023601e-16 2.0632185e-16 7.8965474e-17 2.4910405e-16
372692.25 3.0478347e-16 8.957462e-16 2.0484002e-16 7.840078e-17 2.4731197e-16
373012.22 3.025912e-16 8.891324e-16 2.0335818e-16 7.783609e-17 2.455199e-16
373332.47 3.00399e-16 8.8251844e-16 2.0187638e-16 7.72714e-17 2.4372788e-16
373652.97 2.982068e-16 8.7590475e-16 2.003946e-16 7.670673e-17 2.4193585e-16
373973.78 2.9601448e-16 8.692907e-16 1.9891274e-16 7.6142015e-17 2.4014374e-16
374294.84 2.9382226e-16 8.6267685e-16 1.9743094e-16 7.557733e-17 2.3835168e-16
374616.2 2.9163006e-16 8.5606317e-16 1.9594913e-16 7.501265e-17 2.3655965e-16
374937.8 2.8943783e-16 8.4944927e-16 1.9446733e-16 7.444796e-17 2.347676e-16
375259.72 2.8724555e-16 8.4283537e-16 1.9298549e-16 7.388327e-17 2.3297554e-16
375581.9 2.8505327e-16 8.362215e-16 1.9150367e-16 7.331857e-17 2.3118348e-16
375904.34 2.8286107e-16 8.296077e-16 1.9002186e-16 7.275388e-17 2.2939142e-16
376227.06 2.8066884e-16 8.2299394e-16 1.8854007e-16 7.2189203e-17 2.275994e-16
376550.1 2.7847656e-16 8.1637994e-16 1.8705821e-16 7.16245e-17 2.258073e-16
376873.38 2.7628433e-16 8.097661e-16 1.8557641e-16 7.105982e-17 2.2401528e-16
377196.94 2.740921e-16 8.031523e-16 1.840946e-16 7.049513e-17 2.2222322e-16
377520.78 2.7189985e-16 7.965383e-16 1.8261277e-16 6.993044e-17 2.2043114e-16
377844.88 2.6970763e-16 7.899246e-16 1.8113098e-16 6.936575e-17 2.1863912e-16
378169.28 2.675154e-16 7.8331066e-16 1.7964915e-16 6.880106e-17 2.1684705e-16
378493.97 2.6532312e-16 7.7669676e-16 1.7816733e-16 6.8236365e-17 2.1505497e-16
378818.9 2.631309e-16 7.700829e-16 1.7668553e-16 6.767168e-17 2.1326292e-16
379144.12 2.609387e-16 7.634691e-16 1.7520372e-16 6.7107e-17 2.114709e-16
379469.66 2.587464e-16 7.568552e-16 1.7372189e-16 6.65423e-17 2.0967882e-16
379795.44 2.565542e-16 7.5024143e-16 1.7224009e-16 6.597762e-17 2.0788678e-16
380121.5 2.5436196e-16 7.436276e-16 1.7075828e-16 6.5412927e-17 2.0609474e-16
380447.88 2.5216968e-16 7.3701364e-16 1.6927644e-16 6.4848234e-17 2.0430264e-16
380774.5 2.4997742e-16 7.3039974e-16 1.6779462e-16 6.428354e-17 2.0251058e-16
381101.4 2.4778522e-16 7.2378595e-16 1.6631281e-16 6.371885e-17 2.0071854e-16
381428.6 2.45593e-16 7.171721e-16 1.6483101e-16 6.315416e-17 1.989265e-16
381756.06 2.4340074e-16 7.1055826e-16 1.6334918e-16 6.2589475e-17 1.9713444e-16
382083.8 2.4120851e-16 7.0394436e-16 1.6186737e-16 6.202479e-17 1.953424e-16
382411.84 2.3901626e-16 6.9733057e-16 1.6038557e-16 6.1460095e-17 1.9355035e-16
382740.16 2.3682403e-16 6.907167e-16 1.5890375e-16 6.089541e-17 1.917583e-16
383068.78 2.3463178e-16 6.841028e-16 1.5742191e-16 6.0330716e-17 1.8996621e-16
383397.66 2.3243953e-16 6.77489e-16 1.559401e-16 5.976602e-17 1.8817417e-16
383726.8 2.302473e-16 6.708751e-16 1.5445828e-16 5.9201336e-17 1.8638212e-16
384056.25 2.2805507e-16 6.642613e-16 1.5297648e-16 5.863665e-17 1.8459007e-16
384386.0 2.258628e-16 6.5764734e-16 1.5149465e-16 5.807195e-17 1.8279798e-16
384716.0 2.2367056e-16 6.5103355e-16 1.5001283e-16 5.7507264e-17 1.8100594e-16
385046.28 2.2147836e-16 6.444197e-16 1.4853105e-16 5.6942584e-17 1.7921392e-16
385376.88 2.1928608e-16 6.378058e-16 1.4704921e-16 5.6377884e-17 1.7742182e-16
385707.72 2.1709387e-16 6.31192e-16 1.4556742e-16 5.5813205e-17 1.7562981e-16
386038.88 2.1490162e-16 6.2457817e-16 1.4408559e-16 5.5248508e-17 1.7383774e-16
386370.3 2.1270938e-16 6.1796427e-16 1.4260377e-16 5.4683822e-17 1.7204568e-16
386702.03 2.1051714e-16 6.1135037e-16 1.4112195e-16 5.4119125e-17 1.7025362e-16
387034.03 2.0832488e-16 6.047365e-16 1.3964014e-16 5.355444e-17 1.6846155e-16
387366.3 2.0613264e-16 5.981227e-16 1.3815831e-16 5.2989746e-17 1.6666951e-16
387698.88 2.0394041e-16 5.9150884e-16 1.3667651e-16 5.242506e-17 1.6487745e-16
388031.72 2.017482e-16 5.8489504e-16 1.351947e-16 5.1860376e-17 1.6308542e-16
388364.88 1.9955595e-16 5.7828115e-16 1.3371289e-16 5.1295687e-17 1.6129336e-16
388698.3 1.9736367e-16 5.7166725e-16 1.3223105e-16 5.0730987e-17 1.5950127e-16
389032.0 1.9517148e-16 5.6505346e-16 1.3074926e-16 5.016631e-17 1.5770926e-16
389366.0 1.9297923e-16 5.584396e-16 1.2926743e-16 4.9601614e-17 1.5591719e-16
389700.3 1.9078696e-16 5.5182566e-16 1.277856e-16 4.9036924e-17 1.5412512e-16
390034.88 1.8859472e-16 5.452118e-16 1.263038e-16 4.8472235e-17 1.5233307e-16
390369.75 1.8640248e-16 5.38598e-16 1.2482198e-16 4.7907548e-17 1.5054102e-16
390704.88 1.8421025e-16 5.319842e-16 1.2334017e-16 4.734286e-17 1.4874898e-16
391040.3 1.8201801e-16 5.2537033e-16 1.2185836e-16 4.677817e-17 1.4695692e-16
391376.03 1.7982577e-16 5.187565e-16 1.2037655e-16 4.6213482e-17 1.4516486e-16
391712.06 1.7763352e-16 5.121426e-16 1.1889472e-16 4.5648786e-17 1.433728e-16
392048.38 1.7544129e-16 5.055287e-16 1.1741291e-16 4.5084096e-17 1.4158075e-16
392384.94 1.7324908e-16 4.989149e-16 1.1593111e-16 4.4519413e-17 1.397887e-16
392721.84 1.7105681e-16 4.92301e-16 1.1444928e-16 4.3954717e-17 1.3799664e-16
393059.0 1.6886457e-16 4.856871e-16 1.1296746e-16 4.339003e-17 1.3620458e-16
393396.47 1.6667233e-16 4.790733e-16 1.1148564e-16 4.282534e-17 1.3441253e-16
393734.2 1.6448011e-16 4.7245947e-16 1.1000385e-16 4.2260654e-17 1.3262049e-16
394072.25 1.6228782e-16 4.6584557e-16 1.08522013e-16 4.1695958e-17 1.3082841e-16
394410.56 1.600956e-16 4.592317e-16 1.070402e-16 4.1131268e-17 1.2903636e-16
394749.2 1.5790335e-16 4.526178e-16 1.05558384e-16 4.0566582e-17 1.2724431e-16
395088.1 1.5571113e-16 4.4600403e-16 1.0407657e-16 4.0001892e-17 1.2545225e-16
395427.28 1.5351889e-16 4.393902e-16 1.0259476e-16 3.9437202e-17 1.236602e-16
395766.78 1.5132664e-16 4.327763e-16 1.01112943e-16 3.8872512e-17 1.2186814e-16
396106.56 1.491344e-16 4.2616245e-16 9.9631125e-17 3.8307823e-17 1.2007609e-16
396446.62 1.4694216e-16 4.1954857e-16 9.8149314e-17 3.7743133e-17 1.1828404e-16
396787.0 1.4474992e-16 4.1293476e-16 9.6667496e-17 3.7178443e-17 1.1649198e-16
397127.66 1.4255768e-16 4.0632088e-16 9.5185685e-17 3.6613757e-17 1.1469992e-16
397468.62 1.4036543e-16 3.99707e-16 9.370386e-17 3.604906e-17 1.1290786e-16
397809.84 1.3817322e-16 3.930932e-16 9.222206e-17 3.5484377e-17 1.1111583e-16
398151.4 1.359809e-16 3.8647908e-16 9.0740185e-17 3.4919664e-17 1.093237e-16
398493.22 1.3378835e-16 3.798643e-16 8.925817e-17 3.4354902e-17 1.075314e-16
398835.34 1.3159648e-16 3.732516e-16 8.777661e-17 3.3790308e-17 1.05739656e-16
399177.75 1.2941554e-16 3.666721e-16 8.6302447e-17 3.322853e-17 1.03956857e-16
399520.47 1.2730058e-16 3.6029274e-16 8.4872926e-17 3.2683752e-17 1.0222808e-16
399863.47 1.2542704e-16 3.5464616e-16 8.360682e-17 3.2201175e-17 1.00697004e-16
400206.78 1.240748e-16 3.5058185e-16 8.269355e-17 3.185293e-17 9.959282e-17
400550.38 1.2334405e-16 3.4840395e-16 8.2200915e-17 3.1664815e-17 9.899755e-17
400894.25 1.2299825e-16 3.4739455e-16 8.196885e-17 3.1575893e-17 9.871753e-17
401238.44 1.2277064e-16 3.4674395e-16 8.1816765e-17 3.1517428e-17 9.853429e-17
401582.94 1.2256033e-16 3.4614584e-16 8.167641e-17 3.1463423e-17 9.836523e-17
401927.7 1.2235122e-16 3.455514e-16 8.153686e-17 3.140973e-17 9.8197145e-17
402272.78 1.2214214e-16 3.44957e-16 8.1397325e-17 3.1356035e-17 9.8029075e-17
402618.12 1.2193305e-16 3.4436267e-16 8.1257796e-17 3.130235e-17 9.786102e-17
402963.8 1.2172397e-16 3.437683e-16 8.1118254e-17 3.1248657e-17 9.769295e-17
403309.75 1.2151492e-16 3.43174e-16 8.0978745e-17 3.1194976e-17 9.752491e-17
403656.03 1.2130581e-16 3.4257954e-16 8.08392e-17 3.114128e-17 9.735683e-17
404002.6 1.2109673e-16 3.4198518e-16 8.069966e-17 3.1087588e-17 9.718877e-17
404349.44 1.2088766e-16 3.4139083e-16 8.056014e-17 3.10339e-17 9.702071e-17
404696.6 1.2067857e-16 3.4079645e-16 8.042061e-17 3.0980214e-17 9.685265e-17
405044.03 1.204695e-16 3.4020215e-16 8.028109e-17 3.0926526e-17 9.66846e-17
405391.78 1.2026041e-16 3.3960778e-16 8.0141546e-17 3.0872836e-17 9.651653e-17
405739.8 1.2005134e-16 3.3901345e-16 8.0002024e-17 3.0819148e-17 9.634848e-17
406088.16 1.1984226e-16 3.3841904e-16 7.986249e-17 3.076546e-17 9.618041e-17
406436.8 1.1963319e-16 3.3782472e-16 7.972296e-17 3.071177e-17 9.6012356e-17
406785.75 1.1942409e-16 3.3723034e-16 7.9583424e-17 3.065808e-17 9.584429e-17
407135.0 1.1921502e-16 3.3663599e-16 7.9443895e-17 3.0604392e-17 9.567623e-17
407484.53 1.1900595e-16 3.3604163e-16 7.930437e-17 3.0550705e-17 9.550818e-17
407834.38 1.1879685e-16 3.3544726e-16 7.916483e-17 3.0497014e-17 9.534011e-17
408184.53 1.1858778e-16 3.3485288e-16 7.90253e-17 3.0443324e-17 9.517205e-17
408534.97 1.1837869e-16 3.342585e-16 7.8885767e-17 3.0389633e-17 9.500398e-17
408885.72 1.1816962e-16 3.3366417e-16 7.8746244e-17 3.0335946e-17 9.483593e-17
409236.75 1.1796053e-16 3.3306982e-16 7.860671e-17 3.028226e-17 9.466786e-17
409588.1 1.1775145e-16 3.3247544e-16 7.846718e-17 3.0228568e-17 9.4499806e-17
409939.75 1.1754238e-16 3.3188106e-16 7.832765e-17 3.0174877e-17 9.433174e-17
410291.7 1.173333e-16 3.3128676e-16 7.818812e-17 3.0121193e-17 9.4163687e-17
