skypy/data/spectrum_templates/kcorrect_rawspec_nd.ecsv
# %ECSV 0.9
# ---
# meta:
#   origin:
#     citation: Michael R. Blanton and Sam Roweis 2007 AJ 133 734
#     bibcode: 2007AJ....133..734B
#     doi: 10.1086/510127
#     website: http://kcorrect.org
#     github: https://github.com/blanton144/kcorrect
# datatype:
# - name: spectral_axis
#   unit: angstrom
#   datatype: float32
# - name: flux_0
#   unit: erg s-1 cm-2 angstrom-1
#   datatype: float32
# - name: flux_1
#   unit: erg s-1 cm-2 angstrom-1
#   datatype: float32
# - name: flux_2
#   unit: erg s-1 cm-2 angstrom-1
#   datatype: float32
# - name: flux_3
#   unit: erg s-1 cm-2 angstrom-1
#   datatype: float32
# - name: flux_4
#   unit: erg s-1 cm-2 angstrom-1
#   datatype: float32
spectral_axis flux_0 flux_1 flux_2 flux_3 flux_4
[from data line 2257]
4164.1006 6.315633e-11 1.3542734e-08 1.09966126e-10 7.3542205e-12 1.8173499e-09
4167.6753 6.200058e-11 1.3621166e-08 1.0921029e-10 6.741844e-12 1.8008423e-09
4171.2534 5.924731e-11 1.3388271e-08 1.056552e-10 6.621361e-12 1.7906948e-09
4174.835 5.3907653e-11 1.3428003e-08 9.945349e-11 5.976068e-12 1.7791684e-09
4178.419 5.6768867e-11 1.3525263e-08 1.027881e-10 6.4182943e-12 1.7616325e-09
4182.0063 5.9011046e-11 1.35269405e-08 1.0547553e-10 6.4986883e-12 1.7518053e-09
4185.5967 6.0113414e-11 1.3490183e-08 1.06926266e-10 6.9059745e-12 1.7584583e-09
4189.1904 5.9442444e-11 1.334383e-08 1.0512461e-10 6.55314e-12 1.752587e-09
4192.787 6.2565036e-11 1.3066409e-08 1.0846241e-10 7.1140277e-12 1.7049329e-09
4196.3867 6.030171e-11 1.30542075e-08 1.062866e-10 6.6055655e-12 1.6860489e-09
4199.9893 5.6010502e-11 1.2783589e-08 1.0055957e-10 6.045152e-12 1.5634912e-09
4203.595 5.7184465e-11 1.2914206e-08 1.025054e-10 6.326397e-12 1.6342296e-09
4207.204 6.124411e-11 1.3072708e-08 1.07187946e-10 7.194639e-12 1.6793952e-09
4210.8164 6.2078516e-11 1.2946221e-08 1.0770032e-10 7.2228365e-12 1.672703e-09
4214.4316 6.1894795e-11 1.3028548e-08 1.07958996e-10 6.929529e-12 1.6561013e-09
4218.05 6.0635406e-11 1.29506965e-08 1.05419964e-10 6.9998833e-12 1.6568806e-09
4221.671 6.4361745e-11 1.29803555e-08 1.0975054e-10 7.821353e-12 1.6642522e-09
4225.2954 5.4303576e-11 1.2945154e-08 9.946214e-11 5.6890295e-12 1.6542382e-09
4228.9233 5.425402e-11 1.2859383e-08 9.760627e-11 5.6423273e-12 1.6402425e-09
4232.5537 6.329978e-11 1.2856989e-08 1.08417345e-10 7.4807174e-12 1.6540261e-09
4236.1875 5.884065e-11 1.271594e-08 1.0289335e-10 6.685368e-12 1.641559e-09
4239.8247 5.9840397e-11 1.2820944e-08 1.0471954e-10 6.963001e-12 1.6563471e-09
4243.465 6.3798127e-11 1.26872415e-08 1.0790753e-10 7.694434e-12 1.651714e-09
4247.108 6.159291e-11 1.2688598e-08 1.0510412e-10 7.696724e-12 1.6647024e-09
4250.7544 5.904419e-11 1.2644544e-08 1.0276251e-10 6.6887537e-12 1.648491e-09
4254.404 6.095793e-11 1.2477049e-08 1.0503089e-10 6.899645e-12 1.6568157e-09
4258.056 6.226012e-11 1.2552166e-08 1.0607339e-10 7.315127e-12 1.6300273e-09
4261.712 5.7478654e-11 1.2513828e-08 1.00527274e-10 6.4600226e-12 1.6353419e-09
4265.3706 6.621997e-11 1.250105e-08 1.1003712e-10 8.24335e-12 1.6303832e-09
4269.0327 6.2220305e-11 1.20032775e-08 1.0624328e-10 7.386075e-12 1.6330933e-09
4272.6978 5.444731e-11 1.2332818e-08 9.660899e-11 5.6978927e-12 1.6353219e-09
4276.366 5.934778e-11 1.2253972e-08 1.01752565e-10 6.644628e-12 1.6182612e-09
4280.0376 6.3381064e-11 1.228842e-08 1.0647119e-10 7.455372e-12 1.6271522e-09
4283.7124 6.0727055e-11 1.22245805e-08 1.0337198e-10 7.202381e-12 1.6345009e-09
4287.39 5.969225e-11 1.2239014e-08 1.01995266e-10 6.88385e-12 1.6240416e-09
4291.071 5.346026e-11 1.2019951e-08 9.387704e-11 5.9831077e-12 1.6114741e-09
4294.755 5.832332e-11 1.1979708e-08 9.921037e-11 6.8802204e-12 1.5927629e-09
4298.4424 5.416951e-11 1.186557e-08 9.434727e-11 5.9910913e-12 1.5929166e-09
4302.133 4.788145e-11 1.1929691e-08 8.591582e-11 5.0769753e-12 1.5808523e-09
4305.826 5.134266e-11 1.1816004e-08 9.0815744e-11 5.341583e-12 1.5841767e-09
4309.523 4.8609672e-11 1.1862569e-08 8.6911346e-11 4.589291e-12 1.5807704e-09
4313.2227 5.376675e-11 1.1816276e-08 9.1775365e-11 6.1045214e-12 1.5682965e-09
4316.926 5.977378e-11 1.1727346e-08 9.8288315e-11 8.32041e-12 1.5710905e-09
4320.6323 6.087853e-11 1.1706286e-08 1.00002985e-10 8.473803e-12 1.560592e-09
4324.342 5.3524313e-11 1.169924e-08 9.001505e-11 6.4636187e-12 1.5514241e-09
4328.054 5.2248834e-11 1.1517421e-08 8.679235e-11 6.8799567e-12 1.5472161e-09
4331.77 5.5981404e-11 1.1469577e-08 8.8565426e-11 8.312322e-12 1.5284547e-09
4335.4893 5.374457e-11 1.2258851e-08 9.344114e-11 8.57342e-12 1.4542408e-09
4339.2114 3.816507e-11 1.6401241e-08 1.2506342e-10 6.2846837e-12 1.1970919e-09
4342.9365 3.83227e-11 1.7678024e-08 1.4130251e-10 6.744162e-12 1.1532728e-09
4346.665 5.0642497e-11 1.33125875e-08 1.0174841e-10 8.054175e-12 1.4180085e-09
4350.397 5.5053268e-11 1.11273675e-08 8.778916e-11 8.3228415e-12 1.4455842e-09
4354.132 5.237623e-11 1.1305153e-08 8.6005876e-11 7.139073e-12 1.5087596e-09
4357.87 5.992609e-11 1.1598363e-08 9.667836e-11 8.3021125e-12 1.4977175e-09
4361.612 6.1705904e-11 1.2035353e-08 1.0016866e-10 8.401332e-12 1.4925179e-09
4365.3564 6.586661e-11 1.2344408e-08 1.05831365e-10 9.119432e-12 1.493774e-09
4369.104 6.09052e-11 1.149042e-08 1.00047165e-10 8.190108e-12 1.4884465e-09
4372.855 6.052138e-11 1.1063048e-08 9.9270585e-11 8.001253e-12 1.4595334e-09
4376.6094 5.6757852e-11 1.10873355e-08 9.506555e-11 7.284842e-12 1.4490804e-09
4380.3667 6.292543e-11 1.09844125e-08 1.0339599e-10 8.251e-12 1.4424769e-09
4384.1274 5.1332424e-11 1.0895966e-08 8.983386e-11 5.6578258e-12 1.4356447e-09
4387.8916 5.7136434e-11 1.00599715e-08 9.643724e-11 7.329732e-12 1.4179251e-09
4391.6587 5.890993e-11 1.06101e-08 9.84001e-11 7.434172e-12 1.4102731e-09
4395.429 5.8627415e-11 1.0762524e-08 9.741991e-11 7.72741e-12 1.4146299e-09
4399.203 6.166594e-11 1.0831265e-08 1.01004496e-10 8.438809e-12 1.4179716e-09
4402.98 5.865459e-11 1.0838452e-08 9.773849e-11 7.649181e-12 1.4080733e-09
4406.76 5.6738825e-11 1.072337e-08 9.6305484e-11 6.687232e-12 1.4075153e-09
4410.5435 6.054505e-11 1.0706424e-08 9.988729e-11 8.011785e-12 1.3963284e-09
4414.33 6.080199e-11 1.05384075e-08 1.0044841e-10 8.2020606e-12 1.4015918e-09
4418.1196 5.778421e-11 1.0438405e-08 9.559279e-11 7.950309e-12 1.3770455e-09
4421.913 6.33896e-11 1.0514073e-08 1.0323772e-10 8.653742e-12 1.3625314e-09
4425.7095 6.208671e-11 1.0506124e-08 1.0187514e-10 8.259011e-12 1.3440756e-09
4429.509 6.255664e-11 1.0392564e-08 1.0244395e-10 8.435662e-12 1.333872e-09
4433.312 6.135852e-11 1.0399092e-08 1.01746715e-10 8.2355e-12 1.3393833e-09
4437.118 6.0958474e-11 1.0314151e-08 1.00433155e-10 8.019858e-12 1.362528e-09
4440.9277 6.467581e-11 1.04515205e-08 1.0465508e-10 8.921701e-12 1.3641774e-09
4444.74 5.909271e-11 1.0487764e-08 9.721736e-11 8.1759296e-12 1.3725592e-09
4448.556 6.503364e-11 1.0428967e-08 1.04298896e-10 9.163122e-12 1.3794428e-09
4452.3755 6.3832946e-11 1.0479685e-08 1.0322035e-10 8.918541e-12 1.3893436e-09
4456.198 5.7595446e-11 1.0430464e-08 9.672142e-11 7.592589e-12 1.3780976e-09
4460.024 5.8492204e-11 1.0559085e-08 9.940485e-11 7.654761e-12 1.3830237e-09
4463.853 6.0209664e-11 1.04480415e-08 1.0029243e-10 8.072616e-12 1.3702337e-09
4467.6855 6.1258755e-11 1.0104964e-08 9.999992e-11 8.558879e-12 1.357929e-09
4471.521 6.1458644e-11 8.90584e-09 9.999064e-11 8.621155e-12 1.3168917e-09
4475.3604 6.674721e-11 9.733187e-09 1.06252764e-10 9.535466e-12 1.3278952e-09
4479.2026 6.625112e-11 1.014466e-08 1.0521496e-10 9.6919165e-12 1.3272637e-09
4483.048 5.889475e-11 9.866967e-09 9.6085896e-11 8.4906335e-12 1.3129942e-09
4486.897 6.760777e-11 1.0338599e-08 1.07039856e-10 9.866617e-12 1.3337558e-09
4490.749 6.1154526e-11 1.0266986e-08 9.987897e-11 8.618876e-12 1.320124e-09
4494.6045 6.3170656e-11 1.0208231e-08 1.02969175e-10 8.833469e-12 1.3199561e-09
4498.4634 6.539922e-11 1.0240207e-08 1.04502185e-10 9.125683e-12 1.3106211e-09
4502.3257 6.4567525e-11 9.898864e-09 1.026922e-10 9.39105e-12 1.2779441e-09
4506.191 6.9862345e-11 1.0006769e-08 1.0816512e-10 1.0271302e-11 1.2932682e-09
4510.0596 6.737719e-11 9.890657e-09 1.05413546e-10 9.948137e-12 1.2942455e-09
4513.9316 6.695007e-11 9.926139e-09 1.0548784e-10 9.629807e-12 1.296274e-09
4517.807 6.502071e-11 9.795892e-09 1.0282866e-10 9.326348e-12 1.2893325e-09
4521.686 6.5371146e-11 9.8206945e-09 1.0262037e-10 9.670932e-12 1.2855398e-09
4525.568 6.29924e-11 9.764782e-09 1.00611325e-10 9.117244e-12 1.274045e-09
4529.453 5.831249e-11 9.627065e-09 9.629283e-11 7.8951455e-12 1.2731569e-09
4533.342 6.0075486e-11 9.691587e-09 9.732839e-11 8.4457875e-12 1.2628038e-09
4537.234 6.1459615e-11 9.591481e-09 9.8133175e-11 8.617119e-12 1.2511939e-09
4541.1294 6.468541e-11 9.502228e-09 1.02961493e-10 9.351047e-12 1.1744063e-09
4545.0283 6.450753e-11 9.556075e-09 1.0233792e-10 9.284255e-12 1.1661223e-09
4548.93 6.201956e-11 9.496719e-09 9.870907e-11 8.9429705e-12 1.2447092e-09
4552.836 6.1600385e-11 9.484859e-09 9.7930365e-11 9.00035e-12 1.2426992e-09
4556.7446 6.073942e-11 9.54931e-09 9.697151e-11 8.960553e-12 1.2407213e-09
4560.6567 6.639177e-11 9.609393e-09 1.03308494e-10 9.977885e-12 1.2400545e-09
4564.5723 6.37318e-11 9.946179e-09 1.03368e-10 9.400305e-12 1.2347796e-09
4568.491 6.5477186e-11 1.0215316e-08 1.07104194e-10 9.57501e-12 1.2355399e-09
4572.4136 6.381284e-11 9.736228e-09 1.0185532e-10 9.419487e-12 1.2259299e-09
4576.339 6.591749e-11 9.430449e-09 1.024605e-10 9.867463e-12 1.2191773e-09
4580.268 6.3316144e-11 9.3860235e-09 9.9982064e-11 9.223444e-12 1.2182524e-09
4584.2 6.011026e-11 9.274391e-09 9.5741845e-11 9.045093e-12 1.2041738e-09
4588.136 6.274469e-11 9.299936e-09 9.887486e-11 9.278587e-12 1.2029688e-09
4592.075 6.338543e-11 9.252619e-09 9.9303996e-11 9.612061e-12 1.2022368e-09
4596.0176 6.2507804e-11 9.221071e-09 9.9336504e-11 9.05473e-12 1.1963468e-09
4599.9634 6.337838e-11 9.350624e-09 1.00349645e-10 9.214258e-12 1.1897237e-09
4603.9126 6.32835e-11 9.1902335e-09 9.9750506e-11 9.259729e-12 1.1834582e-09
4607.865 6.4570065e-11 9.094641e-09 1.00737946e-10 9.4885185e-12 1.1621232e-09
4611.8213 6.681064e-11 9.1313375e-09 1.0269489e-10 1.0116574e-11 1.172929e-09
4615.781 6.545322e-11 9.122425e-09 1.01114346e-10 9.862868e-12 1.166898e-09
4619.7437 6.446875e-11 9.0506616e-09 9.9345226e-11 1.00267815e-11 1.160245e-09
4623.71 6.664024e-11 9.036999e-09 1.0210463e-10 1.0123695e-11 1.1598731e-09
4627.6797 6.586309e-11 9.158294e-09 1.01411615e-10 9.947119e-12 1.1557738e-09
4631.653 6.537298e-11 9.000246e-09 1.0041233e-10 1.0035327e-11 1.1431608e-09
4635.629 6.387831e-11 9.046469e-09 9.9370547e-11 9.710668e-12 1.1579059e-09
4639.609 6.295224e-11 8.99096e-09 9.912858e-11 9.2858395e-12 1.1441758e-09
4643.5923 6.444942e-11 8.899673e-09 1.008045e-10 9.531922e-12 1.1621099e-09
4647.579 6.010985e-11 8.912502e-09 9.6610726e-11 8.629775e-12 1.1365193e-09
4651.5693 6.3368935e-11 8.668004e-09 9.941841e-11 9.292512e-12 1.1521056e-09
4655.5625 6.3512084e-11 8.929153e-09 9.9085046e-11 9.4503155e-12 1.1437222e-09
4659.5596 6.5762666e-11 8.928065e-09 1.0115726e-10 1.0039549e-11 1.1519121e-09
4663.56 6.528943e-11 8.829879e-09 1.0093594e-10 9.913549e-12 1.1395002e-09
4667.564 5.8567096e-11 8.89545e-09 9.4703585e-11 8.5582635e-12 1.134432e-09
4671.5713 6.1239167e-11 8.7747765e-09 9.650246e-11 9.098388e-12 1.1201845e-09
4675.582 6.426906e-11 8.787277e-09 9.980803e-11 9.584081e-12 1.1205328e-09
4679.596 6.33777e-11 8.696196e-09 9.8349204e-11 9.502349e-12 1.1149796e-09
4683.614 6.2626584e-11 8.618361e-09 9.792065e-11 9.1715975e-12 1.0955954e-09
4687.635 6.361225e-11 8.4050775e-09 9.930518e-11 9.49112e-12 1.0334575e-09
4691.6597 6.264352e-11 8.630879e-09 9.7796785e-11 9.2908676e-12 1.0974228e-09
4695.6875 6.368382e-11 8.586809e-09 9.834787e-11 9.58554e-12 1.1071492e-09
4699.7188 6.1412264e-11 8.510959e-09 9.6448155e-11 9.209007e-12 1.0966054e-09
4703.754 5.921491e-11 8.513462e-09 9.320213e-11 8.76433e-12 1.0913084e-09
4707.792 6.077398e-11 8.600274e-09 9.493018e-11 9.0250455e-12 1.0806243e-09
4711.834 6.095689e-11 8.633604e-09 9.561863e-11 9.1539476e-12 1.067683e-09
4715.8794 6.100598e-11 8.351063e-09 9.5571676e-11 9.189996e-12 1.0571052e-09
4719.928 6.5241756e-11 8.476026e-09 9.896253e-11 1.0090748e-11 1.0517169e-09
4723.9805 6.5076756e-11 8.455604e-09 9.894384e-11 1.0132059e-11 1.0485527e-09
4728.036 6.3046894e-11 8.395867e-09 9.7433235e-11 9.642452e-12 1.0372883e-09
4732.095 5.986951e-11 8.3600655e-09 9.409204e-11 8.9908775e-12 1.02923e-09
4736.158 6.2351374e-11 8.486814e-09 9.618402e-11 9.567475e-12 1.0247643e-09
4740.224 6.336657e-11 8.528068e-09 9.659477e-11 9.775753e-12 1.0180723e-09
4744.294 6.348807e-11 8.3863565e-09 9.734317e-11 9.810833e-12 1.0033763e-09
4748.367 6.416721e-11 8.340973e-09 9.825554e-11 1.0075133e-11 1.0015652e-09
4752.444 6.507778e-11 8.3821865e-09 9.919435e-11 1.0206725e-11 9.911195e-10
4756.524 6.2430144e-11 8.337415e-09 9.684138e-11 9.668313e-12 9.803331e-10
4760.6074 6.458419e-11 8.3642195e-09 9.902114e-11 9.999297e-12 9.695901e-10
4764.695 6.055867e-11 8.283134e-09 9.471484e-11 9.378522e-12 9.553484e-10
4768.785 6.1481265e-11 8.328395e-09 9.564677e-11 9.301015e-12 9.632379e-10
4772.8794 6.362769e-11 8.353045e-09 9.803929e-11 1.0007757e-11 9.591478e-10
4776.9775 6.605322e-11 8.339953e-09 1.0031451e-10 1.0462153e-11 9.613502e-10
4781.0786 6.559184e-11 8.27591e-09 9.9338864e-11 1.0425839e-11 9.452108e-10
4785.183 6.349341e-11 8.278405e-09 9.783702e-11 9.862176e-12 9.440566e-10
4789.2915 6.263994e-11 8.248162e-09 9.671786e-11 9.722669e-12 9.394276e-10
4793.4033 6.486874e-11 8.287565e-09 9.8745005e-11 1.0076512e-11 9.427663e-10
4797.5186 6.7978824e-11 8.289807e-09 1.0171621e-10 1.0879976e-11 9.323547e-10
4801.6377 6.3505985e-11 8.279571e-09 9.7928755e-11 9.946548e-12 9.304792e-10
4805.76 6.4910015e-11 8.201192e-09 9.835824e-11 1.0445067e-11 9.260257e-10
4809.8857 6.366366e-11 8.189623e-09 9.75729e-11 9.961015e-12 9.283212e-10
4814.0156 6.475204e-11 8.171656e-09 9.781606e-11 1.0348189e-11 9.1903973e-10
4818.1484 6.611256e-11 8.133781e-09 9.947706e-11 1.0613007e-11 9.186168e-10
4822.285 6.585962e-11 8.096894e-09 9.918913e-11 1.07423835e-11 9.1826147e-10
4826.4253 6.1342015e-11 7.971254e-09 9.4047124e-11 9.918881e-12 9.093236e-10
4830.569 6.299487e-11 7.927318e-09 9.602112e-11 1.019076e-11 9.0166064e-10
4834.7163 6.208578e-11 7.962111e-09 9.4475046e-11 9.9667705e-12 8.9869334e-10
4838.8667 6.2130384e-11 7.796488e-09 9.385387e-11 1.027076e-11 8.9927904e-10
4843.0215 5.9704436e-11 7.810738e-09 9.084105e-11 9.738419e-12 8.9494484e-10
4847.179 6.0039286e-11 7.603358e-09 8.977085e-11 1.0156122e-11 8.853475e-10
4851.341 5.7101338e-11 7.4633695e-09 8.580847e-11 9.838576e-12 8.694898e-10
4855.506 5.355537e-11 9.441832e-09 1.0154603e-10 9.505352e-12 8.4872e-10
4859.6743 4.8022065e-11 2.1150777e-08 2.0549025e-10 9.00892e-12 7.601694e-10
4863.8467 3.8777054e-11 2.5945507e-08 2.4259245e-10 7.418716e-12 6.156754e-10
4868.0225 5.090181e-11 1.3059446e-08 1.330978e-10 9.40137e-12 7.882719e-10
4872.2017 5.2012242e-11 7.5564754e-09 8.235836e-11 8.919269e-12 8.431104e-10
4876.385 5.635705e-11 7.457074e-09 8.431418e-11 9.497081e-12 8.5570206e-10
4880.5713 5.9439426e-11 7.555391e-09 8.86057e-11 1.0118249e-11 8.614209e-10
4884.7617 5.893607e-11 7.6276745e-09 8.9363975e-11 9.7628156e-12 8.578871e-10
4888.9556 5.7913667e-11 7.606855e-09 8.903679e-11 9.260785e-12 8.627057e-10
4893.153 5.6856814e-11 7.645254e-09 8.807139e-11 8.9047415e-12 8.629068e-10
4897.3535 6.588034e-11 7.635021e-09 9.7128305e-11 1.1052967e-11 8.6478313e-10
4901.558 6.291551e-11 7.6405575e-09 9.459116e-11 1.0458939e-11 8.6359603e-10
4905.7666 6.31232e-11 7.666369e-09 9.488651e-11 1.0286599e-11 8.686944e-10
4909.9785 6.291734e-11 7.609206e-09 9.469241e-11 1.0238754e-11 8.699942e-10
4914.194 6.07745e-11 7.542424e-09 9.212926e-11 9.850766e-12 8.6041124e-10
4918.4126 6.242661e-11 7.508354e-09 9.407665e-11 1.0188682e-11 8.5411067e-10
4922.6353 5.4551197e-11 6.8309745e-09 8.5556576e-11 8.324465e-12 8.4670815e-10
4926.862 5.897856e-11 7.138581e-09 8.9848996e-11 9.698415e-12 8.5047724e-10
4931.092 6.511897e-11 7.4264928e-09 9.642983e-11 1.0879076e-11 8.5220253e-10
4935.325 6.03592e-11 7.428274e-09 9.1183325e-11 1.0010771e-11 8.5424684e-10
4939.5625 5.832175e-11 7.395983e-09 8.978659e-11 9.299232e-12 8.503268e-10
4943.803 6.3420984e-11 7.321543e-09 9.462805e-11 1.0475398e-11 8.502052e-10
4948.048 6.368063e-11 7.4015e-09 9.499058e-11 1.0543789e-11 8.4784463e-10
4952.296 6.5066535e-11 9.240798e-09 9.686064e-11 1.0901284e-11 8.443039e-10
4956.5474 6.2243675e-11 2.1369518e-08 1.01224695e-10 1.035289e-11 8.4174806e-10
4960.8027 5.9442715e-11 3.1194965e-08 1.0361454e-10 9.59939e-12 8.407016e-10
4965.062 6.3559484e-11 1.6626126e-08 1.00010784e-10 1.0523577e-11 8.3839957e-10
4969.3247 6.003647e-11 8.082146e-09 9.194567e-11 9.658243e-12 8.347803e-10
