skypy/data/spectrum_templates/kcorrect_rawspec_nd.ecsv
# %ECSV 0.9
# ---
# meta:
#   origin:
#     citation: Michael R. Blanton and Sam Roweis 2007 AJ 133 734
#     bibcode: 2007AJ....133..734B
#     doi: 10.1086/510127
#     website: http://kcorrect.org
#     github: https://github.com/blanton144/kcorrect
# datatype:
# - name: spectral_axis
#   unit: angstrom
#   datatype: float32
# - name: flux_0
#   unit: erg s-1 cm-2 angstrom-1
#   datatype: float32
# - name: flux_1
#   unit: erg s-1 cm-2 angstrom-1
#   datatype: float32
# - name: flux_2
#   unit: erg s-1 cm-2 angstrom-1
#   datatype: float32
# - name: flux_3
#   unit: erg s-1 cm-2 angstrom-1
#   datatype: float32
# - name: flux_4
#   unit: erg s-1 cm-2 angstrom-1
#   datatype: float32
spectral_axis flux_0 flux_1 flux_2 flux_3 flux_4
[from data line 4935]
41458.293 1.0291273e-12 3.0172071e-12 7.709329e-13 2.088894e-13 7.2055583e-13
41493.887 1.022479e-12 3.0067504e-12 7.6424885e-13 2.0802342e-13 7.1708573e-13
41529.51 1.0204495e-12 2.9913901e-12 7.6208235e-13 2.074312e-13 7.1454024e-13
41565.164 1.0228122e-12 2.9716167e-12 7.6421454e-13 2.0709937e-13 7.1287404e-13
41600.85 1.0251847e-12 2.9950905e-12 7.667888e-13 2.0676844e-13 7.112087e-13
41636.566 1.0278181e-12 4.680913e-12 7.862387e-13 2.0646539e-13 7.095439e-13
41672.312 1.032444e-12 1.898466e-11 9.337907e-13 2.063748e-13 7.078818e-13
41708.09 1.0375996e-12 3.681408e-11 1.1171342e-12 2.0634065e-13 7.062586e-13
41743.9 1.0365614e-12 1.9335568e-11 9.419619e-13 2.0564606e-13 7.054972e-13
41779.74 1.0358884e-12 4.720969e-12 7.9585736e-13 2.0499038e-13 7.0485875e-13
41815.61 1.0372346e-12 2.936209e-12 7.8000757e-13 2.0454992e-13 7.042358e-13
41851.508 1.038863e-12 2.889628e-12 7.8181043e-13 2.0413922e-13 7.0361257e-13
41887.44 1.0405298e-12 2.8893892e-12 7.841146e-13 2.0373102e-13 7.029979e-13
41923.402 1.0403902e-12 2.8867843e-12 7.845732e-13 2.0322393e-13 7.0182824e-13
41959.395 1.0354031e-12 2.8771048e-12 7.800713e-13 2.0245127e-13 6.9916994e-13
41995.418 1.0306873e-12 2.8678208e-12 7.758472e-13 2.016935e-13 6.9659496e-13
42031.473 1.0260443e-12 2.8586463e-12 7.716978e-13 2.0093967e-13 6.940426e-13
42067.56 1.0213831e-12 2.8494568e-12 7.675313e-13 2.0018464e-13 6.914855e-13
42103.676 1.0166272e-12 2.8402625e-12 7.632852e-13 1.9942209e-13 6.889098e-13
42139.824 1.017686e-12 2.8309822e-12 7.6388575e-13 1.9912739e-13 6.874505e-13
42176.004 1.0198696e-12 2.8216862e-12 7.654238e-13 1.989232e-13 6.862071e-13
42212.21 1.0221607e-12 2.8123886e-12 7.6705103e-13 1.9872767e-13 6.849844e-13
42248.453 1.0244648e-12 2.8030898e-12 7.6869186e-13 1.9853291e-13 6.8376457e-13
42284.727 1.0267063e-12 2.793787e-12 7.702906e-13 1.9833202e-13 6.825343e-13
42321.027 1.0282156e-12 2.7844374e-12 7.7140486e-13 1.9805854e-13 6.8118335e-13
42357.363 1.0266031e-12 2.774886e-12 7.7045456e-13 1.9747558e-13 6.793181e-13
42393.727 1.0250876e-12 2.7653413e-12 7.69568e-13 1.9690224e-13 6.7746877e-13
42430.125 1.0235824e-12 2.7557986e-12 7.6868736e-13 1.9633007e-13 6.7562107e-13
42466.555 1.022066e-12 2.7462477e-12 7.678056e-13 1.9575597e-13 6.737717e-13
42503.01 1.0205027e-12 2.7366679e-12 7.669139e-13 1.9517443e-13 6.719151e-13
42539.504 1.019799e-12 2.7276217e-12 7.661979e-13 1.9472985e-13 6.7019063e-13
42576.023 1.0192651e-12 2.7186805e-12 7.6551824e-13 1.9431234e-13 6.684925e-13
42612.58 1.0187396e-12 2.7097398e-12 7.6484554e-13 1.9389613e-13 6.6679664e-13
42649.164 1.0182374e-12 2.7008014e-12 7.6419215e-13 1.9348352e-13 6.6510686e-13
42685.777 1.0175758e-12 2.6918437e-12 7.634094e-13 1.9304617e-13 6.6337566e-13
42722.426 1.015107e-12 2.6826636e-12 7.6115763e-13 1.9232798e-13 6.611741e-13
42759.105 1.007283e-12 2.6728246e-12 7.5455327e-13 1.9077768e-13 6.575791e-13
42795.816 9.996318e-13 2.6630074e-12 7.4808936e-13 1.8925421e-13 6.54029e-13
42832.56 9.919558e-13 2.6531882e-12 7.416061e-13 1.8772702e-13 6.504729e-13
42869.332 9.84267e-13 2.6433723e-12 7.351147e-13 1.8619808e-13 6.4691443e-13
42906.137 9.765606e-13 2.6335707e-12 7.2861807e-13 1.846675e-13 6.433553e-13
42942.973 9.678582e-13 2.6247411e-12 7.2189905e-13 1.8305214e-13 6.3979415e-13
42979.84 9.58975e-13 2.616089e-12 7.151399e-13 1.8142145e-13 6.362328e-13
43016.742 9.500661e-13 2.6074592e-12 7.0837374e-13 1.7978826e-13 6.326707e-13
43053.67 9.41152e-13 2.598826e-12 7.016016e-13 1.7815346e-13 6.291061e-13
43090.637 9.321723e-13 2.590191e-12 6.9477735e-13 1.7650426e-13 6.255225e-13
43127.633 9.260141e-13 2.581585e-12 6.901661e-13 1.7546966e-13 6.227452e-13
43164.66 9.241799e-13 2.5730238e-12 6.889469e-13 1.753771e-13 6.2120393e-13
43201.72 9.221469e-13 2.5644606e-12 6.875722e-13 1.7524113e-13 6.196059e-13
43238.81 9.200402e-13 2.5558962e-12 6.861371e-13 1.7508986e-13 6.179867e-13
43275.93 9.178727e-13 2.5473295e-12 6.846449e-13 1.7492817e-13 6.1634985e-13
43313.086 9.149945e-13 2.5387348e-12 6.8249773e-13 1.7464091e-13 6.145068e-13
43350.27 9.0537685e-13 2.529876e-12 6.7414206e-13 1.7316144e-13 6.107084e-13
43387.49 8.952719e-13 2.5209923e-12 6.6533736e-13 1.7159565e-13 6.0676827e-13
43424.74 8.851295e-13 2.512092e-12 6.564977e-13 1.7002293e-13 6.0281614e-13
43462.02 8.7490903e-13 2.503292e-12 6.475894e-13 1.6843841e-13 5.988485e-13
43499.336 8.6445044e-13 2.4948654e-12 6.3847387e-13 1.6681922e-13 5.9483766e-13
43536.68 8.582635e-13 2.479806e-12 6.330786e-13 1.6582348e-13 5.916052e-13
43574.06 8.5369575e-13 2.4622277e-12 6.290933e-13 1.6506405e-13 5.886675e-13
43611.47 8.4910003e-13 2.444867e-12 6.250845e-13 1.6430049e-13 5.857235e-13
43648.91 8.445039e-13 2.4652847e-12 6.214524e-13 1.6353646e-13 5.827754e-13
43686.387 8.4017645e-13 4.142208e-12 6.3470355e-13 1.6280227e-13 5.7984867e-13
43723.89 8.38275e-13 2.0443033e-11 7.9713346e-13 1.6234486e-13 5.772344e-13
43761.43 8.3804014e-13 4.5579266e-11 1.0502879e-12 1.6211265e-13 5.7541407e-13
43799.0 8.3071896e-13 2.6133765e-11 8.49576e-13 1.611258e-13 5.735704e-13
43836.605 8.231942e-13 5.3922943e-12 6.356749e-13 1.6011733e-13 5.717299e-13
43874.24 8.185056e-13 2.4805743e-12 6.0328505e-13 1.5940966e-13 5.698907e-13
43911.906 8.144653e-13 2.392838e-12 5.997585e-13 1.5873938e-13 5.680564e-13
43949.61 8.127115e-13 2.3864428e-12 5.983645e-13 1.5795374e-13 5.662735e-13
43987.34 8.111537e-13 2.38024e-12 5.9708494e-13 1.5715803e-13 5.6449507e-13
44025.105 8.096127e-13 2.374006e-12 5.958143e-13 1.5636128e-13 5.627168e-13
44062.902 8.080681e-13 2.3677802e-12 5.9454026e-13 1.5556398e-13 5.609374e-13
44100.734 8.0651095e-13 2.3615981e-12 5.932437e-13 1.5475947e-13 5.591473e-13
44138.594 8.0533616e-13 2.3540666e-12 5.926634e-13 1.5419218e-13 5.5770807e-13
44176.49 8.042823e-13 2.3461072e-12 5.9230973e-13 1.5370009e-13 5.5637987e-13
44214.418 8.0323216e-13 2.3381308e-12 5.919641e-13 1.5321097e-13 5.5505584e-13
44252.38 8.0219186e-13 2.3301489e-12 5.916283e-13 1.527229e-13 5.53735e-13
44290.37 8.0118247e-13 2.3221661e-12 5.913191e-13 1.5223551e-13 5.5242134e-13
44328.395 7.987042e-13 2.3142725e-12 5.8974044e-13 1.5170891e-13 5.5076234e-13
44366.453 7.941816e-13 2.3065029e-12 5.863952e-13 1.5112784e-13 5.4862267e-13
44404.543 7.897154e-13 2.2987283e-12 5.830989e-13 1.5054841e-13 5.464965e-13
44442.668 7.8525023e-13 2.2909506e-12 5.79804e-13 1.4996945e-13 5.4437097e-13
44480.82 7.808214e-13 2.283193e-12 5.765366e-13 1.4938846e-13 5.4225076e-13
44519.01 7.7665625e-13 2.275589e-12 5.734663e-13 1.4879192e-13 5.401673e-13
44557.23 7.738031e-13 2.2687486e-12 5.713773e-13 1.4811795e-13 5.382672e-13
44595.49 7.709514e-13 2.2619083e-12 5.6928957e-13 1.4744404e-13 5.363674e-13
44633.773 7.681074e-13 2.255071e-12 5.672081e-13 1.4677012e-13 5.3446906e-13
44672.094 7.6527353e-13 2.248233e-12 5.6513583e-13 1.4609719e-13 5.3257344e-13
44710.445 7.62656e-13 2.2413542e-12 5.632684e-13 1.454537e-13 5.3074423e-13
44748.832 7.6327063e-13 2.2338574e-12 5.644645e-13 1.452515e-13 5.299078e-13
44787.25 7.642523e-13 2.2262905e-12 5.66048e-13 1.4509941e-13 5.2918406e-13
44825.703 7.6527467e-13 2.218716e-12 5.6830056e-13 1.4495275e-13 5.284728e-13
44864.188 7.6630054e-13 2.2111423e-12 5.720316e-13 1.4480611e-13 5.277623e-13
44902.703 7.6743115e-13 2.2035626e-12 5.7349346e-13 1.4466862e-13 5.270817e-13
44941.254 7.649727e-13 2.1961907e-12 5.6975486e-13 1.4421499e-13 5.253794e-13
44979.84 7.6176267e-13 2.1888624e-12 5.6686215e-13 1.4369522e-13 5.234633e-13
45018.457 7.584753e-13 2.181538e-12 5.6440226e-13 1.4316876e-13 5.215258e-13
45057.105 7.552017e-13 2.1742144e-12 5.619809e-13 1.4264261e-13 5.195885e-13
45095.79 7.5205277e-13 2.1668895e-12 5.596728e-13 1.4212408e-13 5.176734e-13
45134.508 7.463054e-13 2.159591e-12 5.550146e-13 1.4144862e-13 5.1530275e-13
45173.258 7.388859e-13 2.1523094e-12 5.488441e-13 1.4067216e-13 5.126388e-13
45212.04 7.315058e-13 2.1450272e-12 5.4270943e-13 1.39898e-13 5.0998176e-13
45250.855 7.241301e-13 2.1377448e-12 5.365791e-13 1.3912389e-13 5.0732546e-13
45289.707 7.167603e-13 2.130464e-12 5.3045193e-13 1.3835154e-13 5.0467063e-13
45328.59 7.0959514e-13 2.1232562e-12 5.244166e-13 1.3765712e-13 5.020742e-13
45367.504 7.0273626e-13 2.1161577e-12 5.185188e-13 1.3707922e-13 4.99565e-13
45406.457 6.958721e-13 2.1090575e-12 5.1261843e-13 1.3649945e-13 4.9705444e-13
45445.438 6.8900723e-13 2.1019575e-12 5.067169e-13 1.3591992e-13 4.945438e-13
45484.457 6.821388e-13 2.0948575e-12 5.008113e-13 1.3534044e-13 4.9203263e-13
45523.508 6.756359e-13 2.0877681e-12 4.953059e-13 1.3476382e-13 4.895836e-13
45562.59 6.705066e-13 2.0807184e-12 4.9130405e-13 1.3419788e-13 4.8736845e-13
45601.707 6.652932e-13 2.0736665e-12 4.872104e-13 1.3363137e-13 4.8513884e-13
45640.86 6.6006727e-13 2.066614e-12 4.8310135e-13 1.3306415e-13 4.829078e-13
45680.043 6.5488115e-13 2.0595622e-12 4.7902903e-13 1.3249513e-13 4.806858e-13
45719.26 6.500836e-13 2.0525177e-12 4.7531e-13 1.3190623e-13 4.785548e-13
45758.51 6.4752663e-13 2.0455137e-12 4.736272e-13 1.3120219e-13 4.769487e-13
45797.797 6.4497886e-13 2.0385098e-12 4.7195315e-13 1.3049703e-13 4.7534475e-13
45837.117 6.424266e-13 2.0315052e-12 4.7027605e-13 1.2979044e-13 4.7373965e-13
45876.47 6.3991726e-13 2.0245043e-12 4.686307e-13 1.290934e-13 4.72145e-13
45915.86 6.3776545e-13 2.017532e-12 4.672492e-13 1.284766e-13 4.706375e-13
45955.277 6.381941e-13 2.010765e-12 4.677723e-13 1.284391e-13 4.6975894e-13
45994.734 6.387475e-13 2.0040085e-12 4.6838754e-13 1.284296e-13 4.689107e-13
46034.223 6.3930805e-13 1.9972524e-12 4.690079e-13 1.2842173e-13 4.680641e-13
46073.742 6.3986777e-13 1.990496e-12 4.696277e-13 1.2841381e-13 4.672173e-13
46113.3 6.4024675e-13 1.983737e-12 4.7010947e-13 1.2837329e-13 4.663171e-13
46152.89 6.38758e-13 1.976943e-12 4.6916556e-13 1.2799545e-13 4.648666e-13
46192.516 6.371312e-13 1.970149e-12 4.6811627e-13 1.2759269e-13 4.6337565e-13
46232.17 6.3549567e-13 1.9633368e-12 4.6706026e-13 1.2718837e-13 4.618809e-13
46271.863 6.338645e-13 1.9564593e-12 4.6600744e-13 1.26785e-13 4.603835e-13
46311.59 6.3226475e-13 1.9488885e-12 4.649772e-13 1.2638893e-13 4.5885333e-13
46351.35 6.310668e-13 1.9323672e-12 4.6423455e-13 1.2608621e-13 4.568949e-13
46391.145 6.2991246e-13 1.9325758e-12 4.6370324e-13 1.2579327e-13 4.548929e-13
46430.973 6.29062e-13 3.7882375e-12 4.8232664e-13 1.2553293e-13 4.5288637e-13
46470.836 6.350813e-13 4.8233518e-11 9.405203e-13 1.2600023e-13 4.5088035e-13
46510.734 6.6850605e-13 2.6289562e-10 3.155473e-12 1.2937757e-13 4.4890982e-13
46550.664 6.7861705e-13 3.3953987e-10 3.9446723e-12 1.3046313e-13 4.475773e-13
46590.633 6.3795464e-13 1.022187e-10 1.493254e-12 1.2619482e-13 4.4631605e-13
46630.633 6.2064644e-13 9.676178e-12 5.360107e-13 1.2439831e-13 4.4505564e-13
46670.664 6.193934e-13 1.6812288e-11 6.0619625e-13 1.2430093e-13 4.43795e-13
46710.734 6.2276817e-13 5.3672945e-11 9.806508e-13 1.2468526e-13 4.4252373e-13
46750.836 6.166183e-13 4.336604e-11 8.719259e-13 1.2392744e-13 4.410865e-13
46790.977 6.0647163e-13 9.483523e-12 5.2220386e-13 1.2273063e-13 4.3962989e-13
46831.15 6.005475e-13 2.1665714e-12 4.438544e-13 1.2197952e-13 4.3817158e-13
46871.355 5.957649e-13 1.8492287e-12 4.3702818e-13 1.2134904e-13 4.3671463e-13
46911.594 5.912533e-13 1.8482392e-12 4.3359692e-13 1.2074135e-13 4.352693e-13
46951.87 5.896416e-13 1.8438198e-12 4.3227891e-13 1.2036119e-13 4.3397523e-13
46992.18 5.883274e-13 1.8387316e-12 4.3117403e-13 1.2000432e-13 4.3269628e-13
47032.523 5.8703856e-13 1.833577e-12 4.300859e-13 1.1964931e-13 4.3141762e-13
47072.906 5.8579086e-13 1.828398e-12 4.2903734e-13 1.1929849e-13 4.3014873e-13
47113.32 5.848815e-13 1.8231584e-12 4.2833234e-13 1.1898418e-13 4.2897516e-13
47153.766 5.876486e-13 1.8172355e-12 4.3135816e-13 1.1906617e-13 4.2883457e-13
47194.25 5.9072327e-13 1.8112556e-12 4.3469614e-13 1.1918134e-13 4.2878046e-13
47234.77 5.93806e-13 1.8052741e-12 4.3804232e-13 1.1929737e-13 4.2872859e-13
47275.32 5.968856e-13 1.7992919e-12 4.4138567e-13 1.19413e-13 4.2867595e-13
47315.91 5.9934333e-13 1.7932812e-12 4.441458e-13 1.1945544e-13 4.2846144e-13
47356.53 5.967452e-13 1.7870409e-12 4.4216331e-13 1.1890288e-13 4.2693103e-13
47397.19 5.9394606e-13 1.7807912e-12 4.3999236e-13 1.1832655e-13 4.2534826e-13
47437.883 5.911512e-13 1.7745433e-12 4.378244e-13 1.1775157e-13 4.2376665e-13
47478.61 5.8836296e-13 1.768302e-12 4.3565854e-13 1.1718035e-13 4.2218684e-13
47519.37 5.856498e-13 1.762131e-12 4.335192e-13 1.1665065e-13 4.206277e-13
47560.168 5.83392e-13 1.7563877e-12 4.3154122e-13 1.1637238e-13 4.1919384e-13
47601.0 5.8113936e-13 1.7506496e-12 4.2956489e-13 1.1609728e-13 4.1776156e-13
47641.87 5.788859e-13 1.7449123e-12 4.27588e-13 1.1582258e-13 4.1632946e-13
47682.773 5.766431e-13 1.7391741e-12 4.256173e-13 1.1554741e-13 4.1489736e-13
47723.71 5.744834e-13 1.7334281e-12 4.2369512e-13 1.152678e-13 4.1346508e-13
47764.684 5.726315e-13 1.7276533e-12 4.2195267e-13 1.1497173e-13 4.1203206e-13
47805.69 5.707696e-13 1.7218791e-12 4.202044e-13 1.1467628e-13 4.105991e-13
47846.734 5.689101e-13 1.7161053e-12 4.1845753e-13 1.1438107e-13 4.0916633e-13
47887.812 5.670565e-13 1.710332e-12 4.1671446e-13 1.1408784e-13 4.0773483e-13
47928.926 5.6493764e-13 1.7045268e-12 4.1480304e-13 1.1369628e-13 4.0624234e-13
47970.074 5.623011e-13 1.6986599e-12 4.1256338e-13 1.1311307e-13 4.0463114e-13
48011.258 5.5969346e-13 1.6927966e-12 4.1034241e-13 1.1254034e-13 4.0302668e-13
48052.477 5.5707847e-13 1.6869317e-12 4.081141e-13 1.1196626e-13 4.0141948e-13
48093.734 5.544102e-13 1.6810577e-12 4.0584243e-13 1.1137736e-13 3.9979627e-13
48135.023 5.530127e-13 1.6754038e-12 4.0461e-13 1.11139274e-13 3.9855738e-13
48176.35 5.526453e-13 1.6699287e-12 4.0421992e-13 1.1118552e-13 3.976301e-13
48217.71 5.522488e-13 1.6644485e-12 4.0380646e-13 1.1122367e-13 3.9669413e-13
48259.11 5.518435e-13 1.6589675e-12 4.033869e-13 1.1125927e-13 3.9575596e-13
48300.54 5.514803e-13 1.6534903e-12 4.0299383e-13 1.1130771e-13 3.9482735e-13
48342.008 5.498089e-13 1.6478856e-12 4.01769e-13 1.1095613e-13 3.935987e-13
48383.51 5.476656e-13 1.6422347e-12 4.0024413e-13 1.1046027e-13 3.9226183e-13
48425.05 5.454865e-13 1.6365807e-12 3.9869654e-13 1.0995343e-13 3.9091674e-13
48466.625 5.4331463e-13 1.6309276e-12 3.9715366e-13 1.09448705e-13 3.895733e-13
48508.24 5.4115946e-13 1.6252796e-12 3.956228e-13 1.0894805e-13 3.8823363e-13
48549.883 5.39453e-13 1.6197792e-12 3.944197e-13 1.0855332e-13 3.8699388e-13
48591.566 5.3781177e-13 1.6143003e-12 3.9326436e-13 1.08174056e-13 3.8576865e-13
48633.285 5.3617576e-13 1.6088236e-12 3.9211283e-13 1.077962e-13 3.845445e-13
48675.035 5.345523e-13 1.6033484e-12 3.9097038e-13 1.0741997e-13 3.8332364e-13
48716.83 5.3301585e-13 1.5978813e-12 3.898912e-13 1.07053547e-13 3.821259e-13
48758.652 5.3211136e-13 1.5924735e-12 3.8927076e-13 1.0675849e-13 3.8109584e-13
48800.51 5.312382e-13 1.5870686e-12 3.8867322e-13 1.06466966e-13 3.8007412e-13
48842.41 5.303681e-13 1.5816637e-12 3.8807838e-13 1.0617574e-13 3.790533e-13
48884.344 5.2950314e-13 1.5762587e-12 3.8748895e-13 1.0588488e-13 3.780339e-13
48926.312 5.283239e-13 1.5708723e-12 3.8654705e-13 1.0557298e-13 3.7692129e-13
48968.316 5.261599e-13 1.5655449e-12 3.8450046e-13 1.0519512e-13 3.7551638e-13
49010.36 5.240551e-13 1.5602143e-12 3.8252043e-13 1.04821364e-13 3.741291e-13
49052.438 5.2195775e-13 1.5548811e-12 3.8054775e-13 1.04447185e-13 3.727438e-13
49094.55 5.198302e-13 1.5495422e-12 3.785369e-13 1.04067715e-13 3.713484e-13
49136.7 5.183352e-13 1.5443345e-12 3.7732935e-13 1.0380491e-13 3.7016532e-13
49178.887 5.1729454e-13 1.5392214e-12 3.7669927e-13 1.0362597e-13 3.6913493e-13
49221.11 5.162386e-13 1.534106e-12 3.7605094e-13 1.0344447e-13 3.6809968e-13
49263.367 5.151713e-13 1.5289899e-12 3.7539177e-13 1.0326162e-13 3.6706142e-13
49305.66 5.141134e-13 1.5238739e-12 3.7474106e-13 1.0307977e-13 3.6602554e-13
49347.992 5.1059563e-13 1.5187323e-12 3.7182928e-13 1.02626925e-13 3.6436335e-13
49390.36 5.0657417e-13 1.5135853e-12 3.684544e-13 1.02118536e-13 3.6257287e-13
49432.76 5.02497e-13 1.508438e-12 3.6502767e-13 1.0160429e-13 3.607683e-13
