skypy/data/spectrum_templates/kcorrect_rawspec_nd.ecsv
# %ECSV 0.9
# ---
# meta:
#   origin:
#     citation: Michael R. Blanton and Sam Roweis 2007 AJ 133 734
#     bibcode: 2007AJ....133..734B
#     doi: 10.1086/510127
#     website: http://kcorrect.org
#     github: https://github.com/blanton144/kcorrect
# datatype:
# - name: spectral_axis
#   unit: angstrom
#   datatype: float32
# - name: flux_0
#   unit: erg s-1 cm-2 angstrom-1
#   datatype: float32
# - name: flux_1
#   unit: erg s-1 cm-2 angstrom-1
#   datatype: float32
# - name: flux_2
#   unit: erg s-1 cm-2 angstrom-1
#   datatype: float32
# - name: flux_3
#   unit: erg s-1 cm-2 angstrom-1
#   datatype: float32
# - name: flux_4
#   unit: erg s-1 cm-2 angstrom-1
#   datatype: float32
spectral_axis flux_0 flux_1 flux_2 flux_3 flux_4
[from data line 7815]
490893.2 7.3635916e-17 2.0706622e-16 4.9026432e-17 1.8900275e-17 5.9039275e-17
491314.62 7.342684e-17 2.0647185e-16 4.88869e-17 1.8846584e-17 5.887121e-17
491736.44 7.321775e-17 2.058775e-16 4.8747368e-17 1.8792897e-17 5.870315e-17
492158.62 7.300868e-17 2.0528312e-16 4.860784e-17 1.8739206e-17 5.853509e-17
492581.16 7.2799597e-17 2.0468877e-16 4.846831e-17 1.8685517e-17 5.8367035e-17
493004.06 7.259052e-17 2.0409442e-16 4.8328782e-17 1.8631828e-17 5.819897e-17
493427.34 7.238145e-17 2.0350005e-16 4.818925e-17 1.8578139e-17 5.8030915e-17
493850.97 7.2172355e-17 2.0290567e-16 4.8049717e-17 1.852445e-17 5.786285e-17
494274.94 7.196328e-17 2.023113e-16 4.791019e-17 1.8470761e-17 5.769479e-17
494699.3 7.17542e-17 2.0171698e-16 4.7770656e-17 1.8417074e-17 5.752673e-17
495124.03 7.154512e-17 2.0112261e-16 4.7631128e-17 1.8363383e-17 5.735867e-17
495549.12 7.133604e-17 2.0052825e-16 4.74916e-17 1.8309696e-17 5.719061e-17
495974.56 7.1126965e-17 1.999339e-16 4.7352067e-17 1.8256007e-17 5.702255e-17
496400.38 7.091788e-17 1.9933953e-16 4.7212538e-17 1.8202318e-17 5.685449e-17
496826.56 7.070881e-17 1.9874518e-16 4.7073006e-17 1.8148629e-17 5.668643e-17
497253.1 7.049973e-17 1.9815081e-16 4.6933474e-17 1.809494e-17 5.6518366e-17
497680.0 7.029064e-17 1.9755645e-16 4.6793945e-17 1.8041251e-17 5.635031e-17
498107.28 7.008157e-17 1.9696208e-16 4.6654416e-17 1.7987562e-17 5.6182246e-17
498534.94 6.987248e-17 1.9636773e-16 4.6514884e-17 1.7933873e-17 5.601419e-17
498962.97 6.966341e-17 1.9577336e-16 4.6375355e-17 1.7880184e-17 5.5846126e-17
499391.34 6.9454326e-17 1.9517901e-16 4.6235823e-17 1.7826495e-17 5.567806e-17
499820.1 6.924525e-17 1.9458466e-16 4.609629e-17 1.7772806e-17 5.5510006e-17
500249.2 6.903616e-17 1.9399029e-16 4.595676e-17 1.7719117e-17 5.5341946e-17
500678.7 6.882709e-17 1.9339593e-16 4.5817233e-17 1.7665428e-17 5.5173887e-17
501108.53 6.8618e-17 1.9280156e-16 4.56777e-17 1.761174e-17 5.5005823e-17
501538.75 6.840893e-17 1.9220721e-16 4.5538172e-17 1.755805e-17 5.4837767e-17
501969.34 6.819985e-17 1.9161284e-16 4.539864e-17 1.7504363e-17 5.4669703e-17
502400.3 6.7990766e-17 1.9101849e-16 4.5259108e-17 1.7450672e-17 5.4501643e-17
502831.66 6.7781694e-17 1.9042412e-16 4.511958e-17 1.7396983e-17 5.433358e-17
503263.34 6.757261e-17 1.8982977e-16 4.498005e-17 1.7343294e-17 5.4165524e-17
503695.4 6.7363524e-17 1.8923542e-16 4.4840518e-17 1.7289605e-17 5.3997464e-17
504127.88 6.7154446e-17 1.8864104e-16 4.4700986e-17 1.7235918e-17 5.3829404e-17
504560.7 6.6945375e-17 1.8804669e-16 4.456146e-17 1.7182227e-17 5.3661344e-17
504993.88 6.6736283e-17 1.8745232e-16 4.4421928e-17 1.712854e-17 5.349328e-17
505427.4 6.652721e-17 1.8685797e-16 4.4282396e-17 1.7074849e-17 5.3325224e-17
505861.34 6.6318134e-17 1.862636e-16 4.4142867e-17 1.7021162e-17 5.315716e-17
506295.66 6.610905e-17 1.8566924e-16 4.4003335e-17 1.6967473e-17 5.2989097e-17
506730.34 6.589998e-17 1.8507489e-16 4.3863806e-17 1.6913784e-17 5.282104e-17
507165.38 6.569089e-17 1.8448052e-16 4.3724277e-17 1.6860093e-17 5.2652978e-17
507600.8 6.5481814e-17 1.8388617e-16 4.3584745e-17 1.6806406e-17 5.2484918e-17
508036.6 6.5272736e-17 1.832918e-16 4.3445213e-17 1.6752717e-17 5.2316858e-17
508472.78 6.506366e-17 1.8269745e-16 4.3305684e-17 1.6699028e-17 5.2148798e-17
508909.3 6.485457e-17 1.8210308e-16 4.3166152e-17 1.6645339e-17 5.198074e-17
509346.22 6.4645495e-17 1.8150872e-16 4.3026623e-17 1.659165e-17 5.1812678e-17
509783.53 6.443642e-17 1.8091437e-16 4.288709e-17 1.6537961e-17 5.1644618e-17
510221.2 6.422734e-17 1.8032e-16 4.2747566e-17 1.648427e-17 5.1476558e-17
510659.25 6.401826e-17 1.7972713e-16 4.2608067e-17 1.6430583e-17 5.1308495e-17
511097.66 6.381016e-17 1.8120569e-16 4.2520323e-17 1.6376975e-17 5.1140438e-17
511536.47 6.3914314e-17 8.402941e-16 5.886044e-17 1.6349135e-17 5.0972378e-17
511975.62 8.641777e-17 4.8674166e-14 1.2536814e-15 1.8169777e-17 5.0804315e-17
512415.2 4.50838e-16 8.166128e-13 2.0437555e-14 4.8206763e-17 5.0636255e-17
512855.12 1.5621918e-15 3.157655e-12 7.891938e-14 1.398837e-16 5.0468195e-17
513295.44 1.3947147e-15 2.805374e-12 7.011887e-14 1.2602639e-16 5.0300135e-17
513736.12 3.3439633e-16 5.7269635e-13 1.4343866e-14 3.8488228e-17 5.0132075e-17
514177.2 7.5090874e-17 2.7017513e-14 7.120497e-16 1.7052863e-17 4.9964012e-17
514618.62 6.227381e-17 4.634848e-16 4.857452e-17 1.5958711e-17 4.9795955e-17
515060.44 6.19278e-17 1.7449738e-16 4.1230596e-17 1.5893721e-17 4.9627892e-17
515502.66 6.171839e-17 1.7327733e-16 4.1073256e-17 1.5840006e-17 4.9459832e-17
515945.22 6.151577e-17 4.1875943e-16 4.107347e-17 1.5789389e-17 4.9291772e-17
516388.2 6.539757e-17 1.5615176e-13 1.2937698e-16 1.7680135e-17 4.912371e-17
516831.53 6.575042e-16 2.270472e-11 1.29348496e-14 2.991598e-16 4.8955652e-17
517275.25 2.000415e-14 7.592104e-10 4.3120547e-13 9.494853e-15 4.8787592e-17
517719.34 1.5325766e-13 5.831979e-09 3.3120937e-12 7.283158e-14 4.861953e-17
518163.84 2.7039945e-13 1.02914e-08 5.8446538e-12 1.2851025e-13 4.8451472e-17
518608.7 1.0965048e-13 4.1719357e-09 2.369334e-12 5.210476e-14 4.828341e-17
519053.94 1.0265669e-14 3.8851292e-10 2.2068118e-13 4.866242e-15 4.811535e-17
519499.56 2.781659e-16 8.311634e-12 4.7600024e-15 1.1913082e-16 4.7947286e-17
519945.6 6.070056e-17 4.101372e-14 6.287512e-17 1.5813111e-17 4.777923e-17
520391.97 5.941972e-17 2.1276409e-16 3.956455e-17 1.5250003e-17 4.761117e-17
520838.75 5.920942e-17 1.6606733e-16 3.939884e-17 1.5195738e-17 4.7443106e-17
521285.9 5.9000345e-17 1.6546102e-16 3.92593e-17 1.5142049e-17 4.7275046e-17
521733.47 5.8791266e-17 1.6486663e-16 3.911977e-17 1.5088362e-17 4.710699e-17
522181.4 5.858219e-17 1.6427227e-16 3.8980238e-17 1.5034671e-17 4.6938926e-17
522629.72 5.8373104e-17 1.6367792e-16 3.884071e-17 1.4980982e-17 4.6770866e-17
523078.4 5.8164025e-17 1.6308355e-16 3.870118e-17 1.4927293e-17 4.6602806e-17
523527.5 5.795495e-17 1.6248922e-16 3.856165e-17 1.4873606e-17 4.6434747e-17
523976.97 5.774587e-17 1.6189485e-16 3.8422116e-17 1.4819915e-17 4.6266687e-17
524426.8 5.753679e-17 1.613005e-16 3.8282587e-17 1.4766226e-17 4.6098627e-17
524877.06 5.7327706e-17 1.6070613e-16 3.8143058e-17 1.4712539e-17 4.5930563e-17
525327.7 5.711863e-17 1.6011175e-16 3.800353e-17 1.465885e-17 4.5762503e-17
525778.7 5.690955e-17 1.595174e-16 3.7863997e-17 1.460516e-17 4.5594444e-17
526230.1 5.670047e-17 1.5892305e-16 3.772447e-17 1.455147e-17 4.5426384e-17
526681.9 5.6491393e-17 1.583287e-16 3.7584936e-17 1.4497783e-17 4.5258327e-17
527134.06 5.628231e-17 1.5773433e-16 3.7445404e-17 1.4444094e-17 4.5090264e-17
527586.6 5.607323e-17 1.5713998e-16 3.7305875e-17 1.4390405e-17 4.4922204e-17
528039.6 5.586415e-17 1.5654561e-16 3.7166347e-17 1.4336716e-17 4.475414e-17
528492.94 5.5655074e-17 1.5595126e-16 3.7026814e-17 1.4283027e-17 4.4586084e-17
528946.7 5.5445996e-17 1.5535688e-16 3.6887286e-17 1.4229338e-17 4.441802e-17
529400.8 5.523691e-17 1.5476253e-16 3.6747757e-17 1.4175649e-17 4.424996e-17
529855.3 5.5027833e-17 1.5416818e-16 3.6608225e-17 1.412196e-17 4.40819e-17
530310.2 5.481875e-17 1.5357381e-16 3.6468693e-17 1.4068271e-17 4.391384e-17
530765.5 5.4609677e-17 1.5297946e-16 3.632916e-17 1.4014582e-17 4.374578e-17
531221.2 5.4400592e-17 1.5238508e-16 3.618963e-17 1.3960893e-17 4.3577718e-17
531677.25 5.4191517e-17 1.5179073e-16 3.60501e-17 1.3907204e-17 4.340966e-17
532133.75 5.3982435e-17 1.5119636e-16 3.591057e-17 1.3853516e-17 4.32416e-17
532590.56 5.3773354e-17 1.5060201e-16 3.5771042e-17 1.3799826e-17 4.307354e-17
533047.8 5.3564276e-17 1.5000764e-16 3.5631513e-17 1.3746138e-17 4.2905478e-17
533505.5 5.3355194e-17 1.4941328e-16 3.549198e-17 1.3692449e-17 4.2737418e-17
533963.5 5.314612e-17 1.4881892e-16 3.535245e-17 1.363876e-17 4.2569358e-17
534421.94 5.2937038e-17 1.4822456e-16 3.5212917e-17 1.3585071e-17 4.2401298e-17
534880.75 5.272796e-17 1.476302e-16 3.5073388e-17 1.3531382e-17 4.2233238e-17
535340.0 5.251888e-17 1.4703584e-16 3.493386e-17 1.3477694e-17 4.2065175e-17
535799.6 5.23098e-17 1.4644149e-16 3.4794327e-17 1.3424004e-17 4.1897115e-17
536259.6 5.2100715e-17 1.4584712e-16 3.4654798e-17 1.3370315e-17 4.1729058e-17
536720.0 5.189164e-17 1.4525277e-16 3.4515266e-17 1.3316627e-17 4.1560992e-17
537180.8 5.168256e-17 1.446584e-16 3.4375737e-17 1.3262938e-17 4.1392935e-17
537642.0 5.147348e-17 1.4406404e-16 3.4236208e-17 1.3209248e-17 4.1224875e-17
538103.56 5.1264403e-17 1.4346969e-16 3.4096676e-17 1.315556e-17 4.1056815e-17
538565.56 5.105532e-17 1.4287533e-16 3.3957147e-17 1.310187e-17 4.0888752e-17
539027.94 5.0846236e-17 1.4228097e-16 3.381762e-17 1.3048182e-17 4.0720695e-17
539490.75 5.0637165e-17 1.4168659e-16 3.3678086e-17 1.2994492e-17 4.0552635e-17
539953.94 5.0428083e-17 1.4109224e-16 3.3538554e-17 1.2940804e-17 4.0384572e-17
540417.5 5.0219005e-17 1.4049787e-16 3.3399022e-17 1.2887115e-17 4.0216512e-17
540881.44 5.0009924e-17 1.3990353e-16 3.3259493e-17 1.2833427e-17 4.0048452e-17
541345.8 4.9800842e-17 1.3930917e-16 3.311996e-17 1.2779737e-17 3.9880392e-17
541810.56 4.9591764e-17 1.387148e-16 3.2980432e-17 1.2726049e-17 3.9712332e-17
542275.75 4.9382686e-17 1.3812045e-16 3.2840903e-17 1.267236e-17 3.9544272e-17
542741.3 4.9173608e-17 1.3752608e-16 3.270137e-17 1.2618671e-17 3.9376213e-17
543207.3 4.8964523e-17 1.3693172e-16 3.256184e-17 1.2564982e-17 3.920815e-17
543673.6 4.8755448e-17 1.3633736e-16 3.242231e-17 1.2511292e-17 3.904009e-17
544140.44 4.8546367e-17 1.3574301e-16 3.2282778e-17 1.2457604e-17 3.887203e-17
544607.56 4.8337285e-17 1.3514863e-16 3.214325e-17 1.2403915e-17 3.870397e-17
545075.1 4.8128207e-17 1.3455428e-16 3.200372e-17 1.2350227e-17 3.853591e-17
545543.1 4.791913e-17 1.3395991e-16 3.1864188e-17 1.2296537e-17 3.836785e-17
546011.5 4.7710047e-17 1.3336556e-16 3.172466e-17 1.2242848e-17 3.819979e-17
546480.25 4.750097e-17 1.3277121e-16 3.1585127e-17 1.2189159e-17 3.8031726e-17
546949.44 4.7291888e-17 1.3217684e-16 3.14456e-17 1.213547e-17 3.786367e-17
547419.0 4.708281e-17 1.3158249e-16 3.1306066e-17 1.2081781e-17 3.7695607e-17
547889.0 4.6873728e-17 1.3098813e-16 3.1166538e-17 1.2028093e-17 3.7527547e-17
548359.4 4.666465e-17 1.3039376e-16 3.102701e-17 1.1974403e-17 3.7359487e-17
548830.2 4.6455568e-17 1.297994e-16 3.0887477e-17 1.1920715e-17 3.7191427e-17
549301.4 4.624649e-17 1.2920504e-16 3.0747948e-17 1.1867026e-17 3.7023367e-17
549773.0 4.603741e-17 1.2861068e-16 3.0608416e-17 1.1813337e-17 3.6855307e-17
550245.0 4.582833e-17 1.2801632e-16 3.0468884e-17 1.1759648e-17 3.6687247e-17
550717.4 4.5619252e-17 1.2742197e-16 3.0329355e-17 1.1705958e-17 3.6519184e-17
551190.2 4.541017e-17 1.268276e-16 3.0189823e-17 1.165227e-17 3.6351124e-17
551663.44 4.5201093e-17 1.2623324e-16 3.0050294e-17 1.1598582e-17 3.6183064e-17
552137.06 4.4992014e-17 1.2563888e-16 2.991076e-17 1.1544893e-17 3.6015004e-17
552611.06 4.4782933e-17 1.2504452e-16 2.9771233e-17 1.1491204e-17 3.5846944e-17
553085.5 4.457385e-17 1.2445016e-16 2.9631704e-17 1.1437515e-17 3.5678884e-17
553560.4 4.4364773e-17 1.238558e-16 2.9492172e-17 1.1383826e-17 3.5510824e-17
554035.6 4.4155692e-17 1.2326145e-16 2.9352643e-17 1.1330137e-17 3.534276e-17
554511.25 4.3946614e-17 1.2266707e-16 2.921311e-17 1.1276448e-17 3.5174704e-17
554987.4 4.373754e-17 1.2207272e-16 2.9073582e-17 1.1222758e-17 3.500664e-17
555463.8 4.3528454e-17 1.2147836e-16 2.893405e-17 1.1169069e-17 3.483858e-17
555940.7 4.3319376e-17 1.20884e-16 2.879452e-17 1.1115381e-17 3.467052e-17
556418.0 4.3110298e-17 1.2028964e-16 2.865499e-17 1.1061692e-17 3.4502458e-17
556895.75 4.2901216e-17 1.1969528e-16 2.851546e-17 1.1008004e-17 3.43344e-17
557373.8 4.2692138e-17 1.1910092e-16 2.8375928e-17 1.0954314e-17 3.416634e-17
557852.4 4.248306e-17 1.1850655e-16 2.82364e-17 1.0900626e-17 3.3998278e-17
558331.3 4.227398e-17 1.179122e-16 2.8096867e-17 1.0846937e-17 3.3830218e-17
558810.7 4.20649e-17 1.1731784e-16 2.7957338e-17 1.0793249e-17 3.3662158e-17
559290.44 4.1855822e-17 1.167235e-16 2.7817806e-17 1.0739559e-17 3.3494098e-17
559770.6 4.164674e-17 1.1612912e-16 2.7678277e-17 1.068587e-17 3.3326038e-17
560251.2 4.1437662e-17 1.1553476e-16 2.7538747e-17 1.0632182e-17 3.3157978e-17
560732.2 4.122858e-17 1.149404e-16 2.7399216e-17 1.0578491e-17 3.2989915e-17
561213.56 4.10195e-17 1.1434605e-16 2.7259686e-17 1.0524803e-17 3.2821855e-17
561695.44 4.081042e-17 1.1375168e-16 2.7120154e-17 1.0471114e-17 3.2653795e-17
562177.7 4.0601343e-17 1.1315733e-16 2.6980625e-17 1.0417426e-17 3.2485735e-17
562660.3 4.039226e-17 1.1256296e-16 2.6841094e-17 1.0363737e-17 3.2317675e-17
563143.4 4.0183183e-17 1.119686e-16 2.6701564e-17 1.0310047e-17 3.2149615e-17
563626.9 3.9974102e-17 1.1137424e-16 2.6562032e-17 1.0256359e-17 3.1981552e-17
564110.75 3.976502e-17 1.1077988e-16 2.6422503e-17 1.020267e-17 3.1813495e-17
564595.06 3.9555942e-17 1.1018552e-16 2.6282972e-17 1.0148981e-17 3.1645435e-17
565079.8 3.9346864e-17 1.0959116e-16 2.614344e-17 1.0095292e-17 3.1477372e-17
565564.94 3.9137786e-17 1.089968e-16 2.6003911e-17 1.0041603e-17 3.1309312e-17
566050.5 3.8928705e-17 1.08402436e-16 2.5864381e-17 9.987914e-18 3.1141252e-17
566536.5 3.8719626e-17 1.0780808e-16 2.5724849e-17 9.934225e-18 3.0973192e-17
567022.9 3.8510545e-17 1.0721372e-16 2.558532e-17 9.880536e-18 3.0805132e-17
567509.7 3.8301463e-17 1.06619366e-16 2.544579e-17 9.826847e-18 3.0637073e-17
567996.94 3.8092385e-17 1.06025e-16 2.530626e-17 9.773158e-18 3.0469013e-17
568484.56 3.7883304e-17 1.0543064e-16 2.5166729e-17 9.71947e-18 3.0300953e-17
568972.6 3.767423e-17 1.0483628e-16 2.50272e-17 9.66578e-18 3.013289e-17
569461.1 3.746515e-17 1.04241916e-16 2.4887668e-17 9.612092e-18 2.996483e-17
569950.0 3.7256066e-17 1.0364756e-16 2.4748139e-17 9.558403e-18 2.979677e-17
570439.4 3.7046988e-17 1.03053205e-16 2.4608607e-17 9.504714e-18 2.962871e-17
570929.1 3.683791e-17 1.0245914e-16 2.4469078e-17 9.451025e-18 2.946065e-17
571419.25 3.662896e-17 1.0322793e-16 2.4335558e-17 9.397359e-18 2.929259e-17
571909.9 3.65646e-17 1.5850022e-15 3.0731755e-17 9.3682266e-18 2.912453e-17
572400.9 7.2420715e-17 3.7101523e-13 1.6594041e-15 1.5434626e-17 2.895647e-17
572892.3 2.1154692e-15 2.1300952e-11 9.3938874e-14 3.6211177e-16 2.8788407e-17
573384.1 2.746921e-14 2.8101202e-10 1.2389987e-12 4.6644995e-15 2.8620347e-17
573876.44 8.3176e-14 8.51642e-10 3.7548927e-12 1.41176514e-14 2.8452287e-17
574369.1 5.791812e-14 5.9291716e-10 2.6141808e-12 9.8314945e-15 2.8284227e-17
574862.25 9.292601e-15 9.482787e-11 4.1811677e-13 1.5799631e-15 2.8116167e-17
575355.75 3.7507993e-16 3.4841262e-12 1.5384216e-14 6.6685164e-17 2.7948107e-17
575849.75 3.7617812e-17 2.9502283e-14 1.5272311e-16 9.401279e-18 2.7780044e-17
576344.1 3.45436e-17 1.5293573e-16 2.318562e-17 8.8613915e-18 2.7611985e-17
576838.94 3.4328955e-17 9.5351915e-17 2.2794825e-17 8.806759e-18 2.7443924e-17
577334.2 3.4119873e-17 9.4732165e-17 2.2655182e-17 8.753069e-18 2.7275864e-17
577829.9 3.3910795e-17 9.41378e-17 2.2515651e-17 8.69938e-18 2.7107804e-17
578325.94 3.3701714e-17 9.354344e-17 2.2376119e-17 8.645691e-18 2.6939744e-17
578822.44 3.3492636e-17 9.294908e-17 2.223659e-17 8.592002e-18 2.6771682e-17
579319.4 3.3283557e-17 9.2354715e-17 2.2097058e-17 8.538313e-18 2.6603622e-17
579816.75 3.3074476e-17 9.1760356e-17 2.195753e-17 8.484625e-18 2.6435562e-17
580314.56 3.2865398e-17 9.1166e-17 2.1818e-17 8.430936e-18 2.6267503e-17
580812.8 3.2656316e-17 9.057164e-17 2.1678468e-17 8.377247e-18 2.6099441e-17
581311.44 3.2447238e-17 8.997728e-17 2.1538938e-17 8.323558e-18 2.5931383e-17
581810.5 3.223816e-17 8.938292e-17 2.1399407e-17 8.269869e-18 2.5763321e-17
582310.06 3.202908e-17 8.878856e-17 2.1259877e-17 8.21618e-18 2.5595261e-17
582810.0 3.1819997e-17 8.81942e-17 2.1120346e-17 8.162491e-18 2.54272e-17
583310.3 3.161092e-17 8.759984e-17 2.0980818e-17 8.108801e-18 2.5259138e-17
583811.1 3.1401837e-17 8.700548e-17 2.0841285e-17 8.055113e-18 2.509108e-17
584312.4 3.119276e-17 8.641112e-17 2.0701755e-17 8.001424e-18 2.4923018e-17
584814.0 3.098368e-17 8.581676e-17 2.0562224e-17 7.947735e-18 2.4754958e-17
