skypy/data/spectrum_templates/kcorrect_spec_nd.ecsv
# %ECSV 0.9
# ---
# meta:
#   origin:
#     citation: Michael R. Blanton and Sam Roweis 2007 AJ 133 734
#     bibcode: 2007AJ....133..734B
#     doi: 10.1086/510127
#     website: http://kcorrect.org
#     github: https://github.com/blanton144/kcorrect
# datatype:
# - name: spectral_axis
#   unit: angstrom
#   datatype: float32
# - name: flux_0
#   unit: erg s-1 cm-2 angstrom-1
#   datatype: float32
# - name: flux_1
#   unit: erg s-1 cm-2 angstrom-1
#   datatype: float32
# - name: flux_2
#   unit: erg s-1 cm-2 angstrom-1
#   datatype: float32
# - name: flux_3
#   unit: erg s-1 cm-2 angstrom-1
#   datatype: float32
# - name: flux_4
#   unit: erg s-1 cm-2 angstrom-1
#   datatype: float32
spectral_axis flux_0 flux_1 flux_2 flux_3 flux_4
[from data line 6582]
170391.56 1.20098515e-14 2.5486278e-14 8.458238e-15 2.2544032e-15 7.292686e-15
170537.84 1.1955762e-14 2.5380427e-14 8.41985e-15 2.2449569e-15 7.261961e-15
170684.27 1.19016676e-14 2.5274572e-14 8.38146e-15 2.23551e-15 7.231233e-15
170830.8 1.1847579e-14 2.5168723e-14 8.343073e-15 2.226064e-15 7.2005085e-15
170977.47 1.1793485e-14 2.5062868e-14 8.304683e-15 2.2166168e-15 7.1697815e-15
171124.27 1.1739394e-14 2.4957018e-14 8.266295e-15 2.2071705e-15 7.1390546e-15
171271.17 1.1685304e-14 2.4851167e-14 8.227908e-15 2.1977242e-15 7.108329e-15
171418.22 1.16312125e-14 2.4745314e-14 8.1895186e-15 2.1882779e-15 7.0776027e-15
171565.39 1.157712e-14 2.4639462e-14 8.151129e-15 2.1788311e-15 7.0468766e-15
171712.69 1.15230294e-14 2.453361e-14 8.112742e-15 2.1693848e-15 7.016151e-15
171860.11 1.1468938e-14 2.4427758e-14 8.074353e-15 2.159938e-15 6.985424e-15
172007.66 1.1414847e-14 2.4321906e-14 8.035965e-15 2.1504917e-15 6.9546987e-15
172155.33 1.13607566e-14 2.4216055e-14 7.997577e-15 2.1410452e-15 6.9239726e-15
172303.14 1.1306664e-14 2.4110203e-14 7.9591874e-15 2.1315986e-15 6.893246e-15
172451.06 1.12525735e-14 2.4004353e-14 7.9208e-15 2.1221521e-15 6.8625203e-15
172599.12 1.1198482e-14 2.3898501e-14 7.882411e-15 2.1127056e-15 6.8317938e-15
172747.3 1.1144391e-14 2.3792649e-14 7.844023e-15 2.1032593e-15 6.8010685e-15
172895.61 1.1090301e-14 2.3686799e-14 7.805635e-15 2.0938127e-15 6.770342e-15
173044.05 1.103621e-14 2.3580947e-14 7.767246e-15 2.0843666e-15 6.7396163e-15
173192.62 1.0982116e-14 2.3475093e-14 7.728856e-15 2.0749196e-15 6.708889e-15
173341.31 1.0928026e-14 2.3369241e-14 7.690469e-15 2.0654731e-15 6.678163e-15
173490.12 1.0873936e-14 2.3263392e-14 7.652082e-15 2.056027e-15 6.6474383e-15
173639.08 1.0819845e-14 2.315754e-14 7.613693e-15 2.0465805e-15 6.6167122e-15
173788.16 1.0765753e-14 2.3051687e-14 7.5753045e-15 2.037134e-15 6.5859857e-15
173937.36 1.0711661e-14 2.2945835e-14 7.536915e-15 2.0276874e-15 6.5552596e-15
174086.69 1.065757e-14 2.2839984e-14 7.498528e-15 2.0182409e-15 6.5245334e-15
174236.16 1.06034795e-14 2.2734132e-14 7.460139e-15 2.0087943e-15 6.4938073e-15
174385.75 1.0549387e-14 2.262828e-14 7.42175e-15 1.9993476e-15 6.4630803e-15
174535.45 1.0495298e-14 2.2522432e-14 7.3833634e-15 1.9899017e-15 6.4323555e-15
174685.31 1.0441205e-14 2.2416576e-14 7.344973e-15 1.9804547e-15 6.4016285e-15
174835.28 1.0387114e-14 2.2310724e-14 7.306586e-15 1.9710084e-15 6.370903e-15
174985.39 1.0333022e-14 2.2204872e-14 7.268197e-15 1.9615617e-15 6.3401763e-15
175135.61 1.0278932e-14 2.2099024e-14 7.229809e-15 1.9521155e-15 6.309451e-15
175285.98 1.022484e-14 2.1993172e-14 7.19142e-15 1.9426688e-15 6.278724e-15
175436.47 1.0170749e-14 2.1887318e-14 7.1530315e-15 1.9332223e-15 6.2479984e-15
175587.1 1.0116657e-14 2.1781464e-14 7.114643e-15 1.9237757e-15 6.2172714e-15
175737.84 1.0062566e-14 2.1675614e-14 7.0762547e-15 1.9143292e-15 6.1865457e-15
175888.72 1.0008474e-14 2.1569762e-14 7.0378663e-15 1.9048827e-15 6.1558196e-15
176039.72 9.9543846e-15 2.1463911e-14 6.9994788e-15 1.8954365e-15 6.1250943e-15
176190.86 9.900293e-15 2.135806e-14 6.96109e-15 1.88599e-15 6.094368e-15
176342.12 9.846202e-15 2.1252209e-14 6.9227016e-15 1.8765435e-15 6.063642e-15
176493.53 9.792109e-15 2.1146355e-14 6.8843124e-15 1.8670967e-15 6.032915e-15
176645.05 9.738019e-15 2.1040503e-14 6.845925e-15 1.8576504e-15 6.0021894e-15
176796.7 9.683929e-15 2.0934653e-14 6.807537e-15 1.848204e-15 5.9714637e-15
176948.5 9.629836e-15 2.08288e-14 6.7691472e-15 1.8387573e-15 5.9407367e-15
177100.4 9.5757464e-15 2.072295e-14 6.7307597e-15 1.8293112e-15 5.9100115e-15
177252.47 9.521653e-15 2.0617095e-14 6.69237e-15 1.8198643e-15 5.8792845e-15
177404.64 9.467563e-15 2.0511245e-14 6.6539825e-15 1.810418e-15 5.848559e-15
177556.95 9.413472e-15 2.0405393e-14 6.615594e-15 1.8009714e-15 5.8178327e-15
177709.39 9.35938e-15 2.0299541e-14 6.5772058e-15 1.7915249e-15 5.7871065e-15
177861.95 9.3052905e-15 2.0193692e-14 6.5388182e-15 1.7820788e-15 5.7563813e-15
178014.66 9.251199e-15 2.008784e-14 6.5004294e-15 1.7726322e-15 5.7256547e-15
178167.5 9.197107e-15 1.9981987e-14 6.46204e-15 1.7631854e-15 5.6949278e-15
178320.45 9.143016e-15 1.9876136e-14 6.4236522e-15 1.753739e-15 5.6642025e-15
178473.55 9.088925e-15 1.9770286e-14 6.3852643e-15 1.7442927e-15 5.633477e-15
178626.78 9.034834e-15 1.9665108e-14 6.346889e-15 1.7348461e-15 5.6027503e-15
178780.14 8.980874e-15 1.9884452e-14 6.3152125e-15 1.7254096e-15 5.5720237e-15
178933.62 8.9413924e-15 5.558365e-14 7.0157774e-15 1.7170676e-15 5.5412984e-15
179087.25 9.248011e-15 9.396203e-13 2.5224533e-14 1.734887e-15 5.510572e-15
179241.0 1.1015297e-14 5.4039165e-12 1.1732352e-13 1.8631184e-15 5.4798458e-15
179394.89 1.17172405e-14 7.2569372e-12 1.5553041e-13 1.9108206e-15 5.4491197e-15
179548.9 9.6220774e-15 2.2539316e-12 5.2240984e-14 1.7470895e-15 5.418394e-15
179703.06 8.720872e-15 1.7745473e-13 9.349961e-15 1.6736095e-15 5.3876666e-15
179857.34 8.603157e-15 2.1400926e-14 6.093083e-15 1.6593538e-15 5.356941e-15
180011.75 8.548017e-15 1.8721437e-14 6.00158e-15 1.6498281e-15 5.3262156e-15
180166.31 8.49392e-15 1.860592e-14 5.962991e-15 1.640381e-15 5.2954886e-15
180320.98 8.4398295e-15 1.8500062e-14 5.924603e-15 1.6309347e-15 5.264763e-15
180475.8 8.385739e-15 1.8394212e-14 5.8862145e-15 1.6214882e-15 5.234037e-15
180630.75 8.3316465e-15 1.8288358e-14 5.8478257e-15 1.6120416e-15 5.2033103e-15
180785.83 8.277555e-15 1.8182508e-14 5.8094377e-15 1.6025951e-15 5.172584e-15
180941.03 8.223464e-15 1.8076657e-14 5.7710498e-15 1.5931487e-15 5.1418584e-15
181096.38 8.169374e-15 1.7970805e-14 5.732661e-15 1.5837023e-15 5.1111323e-15
181251.86 8.115282e-15 1.7864953e-14 5.6942726e-15 1.5742557e-15 5.080406e-15
181407.47 8.061192e-15 1.7759103e-14 5.655884e-15 1.5648093e-15 5.0496805e-15
181563.22 8.007101e-15 1.7653249e-14 5.617496e-15 1.5553629e-15 5.0189544e-15
181719.1 7.953008e-15 1.7547397e-14 5.579107e-15 1.5459163e-15 4.988228e-15
181875.11 7.898918e-15 1.7441547e-14 5.540719e-15 1.5364699e-15 4.957502e-15
182031.25 7.844827e-15 1.7335696e-14 5.5023307e-15 1.5270233e-15 4.926776e-15
182187.55 7.790734e-15 1.7229841e-14 5.4639415e-15 1.5175766e-15 4.896049e-15
182343.95 7.736645e-15 1.712399e-14 5.425554e-15 1.5081303e-15 4.865324e-15
182500.5 7.682554e-15 1.701814e-14 5.387166e-15 1.498684e-15 4.834598e-15
182657.19 7.628462e-15 1.6912288e-14 5.3487767e-15 1.4892373e-15 4.803871e-15
182814.0 7.574371e-15 1.6806438e-14 5.310389e-15 1.4797909e-15 4.7731454e-15
182970.97 7.520278e-15 1.6700583e-14 5.2719996e-15 1.4703442e-15 4.742419e-15
183128.05 7.466188e-15 1.6594732e-14 5.233612e-15 1.4608979e-15 4.711693e-15
183285.27 7.412097e-15 1.6488882e-14 5.1952232e-15 1.4514514e-15 4.6809675e-15
183442.62 7.358006e-15 1.6383032e-14 5.156835e-15 1.442005e-15 4.6502414e-15
183600.12 7.3039134e-15 1.6277176e-14 5.1184465e-15 1.4325583e-15 4.619515e-15
183757.75 7.249823e-15 1.6171324e-14 5.0800585e-15 1.4231119e-15 4.588789e-15
183915.52 7.195731e-15 1.6065474e-14 5.041669e-15 1.4136653e-15 4.5580626e-15
184073.42 7.14164e-15 1.595962e-14 5.0032805e-15 1.4042186e-15 4.527336e-15
184231.45 7.087548e-15 1.585377e-14 4.9648925e-15 1.3947723e-15 4.4966103e-15
184389.62 7.0334575e-15 1.5747916e-14 4.926504e-15 1.3853258e-15 4.465884e-15
184547.92 6.9793673e-15 1.5642068e-14 4.888116e-15 1.3758796e-15 4.435158e-15
184706.38 6.9252757e-15 1.5536214e-14 4.8497274e-15 1.3664329e-15 4.404432e-15
184864.95 6.871183e-15 1.5430362e-14 4.8113386e-15 1.3569863e-15 4.3737054e-15
185023.66 6.8170935e-15 1.5324512e-14 4.772951e-15 1.34754e-15 4.3429797e-15
185182.52 6.7630007e-15 1.5218658e-14 4.734562e-15 1.3380934e-15 4.312253e-15
185341.5 6.70891e-15 1.5112808e-14 4.6961743e-15 1.3286469e-15 4.2815275e-15
185500.62 6.654819e-15 1.5006956e-14 4.657785e-15 1.3192005e-15 4.250801e-15
185659.88 6.6007287e-15 1.4901107e-14 4.6193975e-15 1.309754e-15 4.2200757e-15
185819.28 6.5466368e-15 1.4795252e-14 4.5810083e-15 1.3003074e-15 4.189349e-15
185978.81 6.4925457e-15 1.46903e-14 4.5426326e-15 1.290861e-15 4.158623e-15
186138.48 6.4388937e-15 1.617156e-14 4.526334e-15 1.2814517e-15 4.127897e-15
186298.28 6.562844e-15 6.5826316e-13 1.3426338e-14 1.2870814e-15 4.097171e-15
186458.23 2.2952306e-14 5.997049e-11 8.389236e-13 2.670032e-15 4.066445e-15
186618.31 3.6189205e-13 1.2827301e-09 1.7857804e-11 3.1365698e-14 4.035719e-15
186778.53 1.7539861e-12 6.304245e-09 8.774947e-11 1.4923972e-13 4.0049933e-15
186938.89 1.979449e-12 7.1176904e-09 9.907133e-11 1.6832645e-13 3.9742663e-15
187099.39 5.179133e-13 1.846088e-09 2.569876e-11 4.4562576e-14 3.9435406e-15
187260.02 3.655388e-14 1.10006726e-10 1.5351659e-12 3.797447e-15 3.9128145e-15
187420.8 6.4231076e-15 1.5192502e-12 2.5151535e-14 1.2411854e-15 3.882088e-15
187581.7 5.9529454e-15 1.8364677e-14 4.2246234e-15 1.1965072e-15 3.851362e-15
187742.75 5.8975427e-15 1.352845e-14 4.120395e-15 1.1869495e-15 3.8206357e-15
187903.94 5.8434503e-15 1.34191805e-14 4.0819593e-15 1.1775031e-15 3.7899096e-15
188065.25 5.7893597e-15 1.33133284e-14 4.043571e-15 1.1680566e-15 3.759184e-15
188226.72 5.735268e-15 1.3207477e-14 4.0051826e-15 1.15861e-15 3.7284578e-15
188388.31 5.681177e-15 1.3101626e-14 3.9667946e-15 1.1491638e-15 3.6977316e-15
188550.06 5.6270855e-15 1.2995773e-14 3.928406e-15 1.1397171e-15 3.667005e-15
188711.94 5.5729936e-15 1.2889921e-14 3.890017e-15 1.1302705e-15 3.636279e-15
188873.95 5.5189033e-15 1.278407e-14 3.851629e-15 1.1208242e-15 3.6055533e-15
189036.11 5.464812e-15 1.2678219e-14 3.8132403e-15 1.1113776e-15 3.574827e-15
189198.4 5.410721e-15 1.2572367e-14 3.774852e-15 1.1019311e-15 3.544101e-15
189360.84 5.356629e-15 1.2466514e-14 3.736463e-15 1.0924846e-15 3.5133745e-15
189523.4 5.302539e-15 1.2360663e-14 3.698075e-15 1.0830382e-15 3.4826488e-15
189686.12 5.248448e-15 1.22548125e-14 3.659687e-15 1.0735918e-15 3.4519231e-15
189848.98 5.1943554e-15 1.2148959e-14 3.6212984e-15 1.0641452e-15 3.4211964e-15
190011.97 5.140265e-15 1.20431085e-14 3.5829104e-15 1.0546987e-15 3.3904707e-15
190175.11 5.086173e-15 1.1937255e-14 3.5445214e-15 1.0452521e-15 3.3597441e-15
190338.38 5.0320826e-15 1.18314045e-14 3.5061336e-15 1.0358058e-15 3.3290184e-15
190501.8 4.977991e-15 1.1725553e-14 3.4677448e-15 1.0263592e-15 3.298292e-15
190665.34 4.9239e-15 1.16197005e-14 3.4293565e-15 1.0169127e-15 3.2675662e-15
190829.03 4.869809e-15 1.1513851e-14 3.3909685e-15 1.0074664e-15 3.2368405e-15
190992.88 4.8157173e-15 1.1407997e-14 3.3525795e-15 9.980197e-16 3.206114e-15
191156.84 4.761626e-15 1.1302147e-14 3.3141915e-15 9.885733e-16 3.1753878e-15
191320.97 4.707535e-15 1.1196295e-14 3.275803e-15 9.791268e-16 3.1446617e-15
191485.22 4.6534436e-15 1.1090443e-14 3.2374146e-15 9.696804e-16 3.1139358e-15
191649.62 4.599352e-15 1.0984591e-14 3.1990262e-15 9.602338e-16 3.0832095e-15
191814.16 4.545261e-15 1.0878739e-14 3.1606378e-15 9.507874e-16 3.0524833e-15
191978.84 4.491169e-15 1.0772887e-14 3.122249e-15 9.413407e-16 3.021757e-15
192143.66 4.4370788e-15 1.0667036e-14 3.083861e-15 9.318943e-16 2.991031e-15
192308.62 4.3829877e-15 1.05611846e-14 3.0454727e-15 9.224479e-16 2.960305e-15
192473.73 4.328896e-15 1.0455332e-14 3.007084e-15 9.130014e-16 2.9295789e-15
192638.97 4.2748055e-15 1.0349482e-14 2.9686961e-15 9.035549e-16 2.8988532e-15
192804.36 4.220714e-15 1.0243629e-14 2.9303075e-15 8.941084e-16 2.8681268e-15
192969.89 4.166623e-15 1.0137778e-14 2.8919191e-15 8.846619e-16 2.8374007e-15
193135.56 4.1125313e-15 1.0031926e-14 2.8535305e-15 8.752153e-16 2.8066746e-15
193301.38 4.0584406e-15 9.926076e-15 2.8151426e-15 8.65769e-16 2.7759489e-15
193467.34 4.0043487e-15 9.820222e-15 2.7767534e-15 8.5632236e-16 2.7452221e-15
193633.44 3.950258e-15 9.714371e-15 2.7383656e-15 8.46876e-16 2.7144964e-15
193799.69 3.8961665e-15 9.608519e-15 2.699977e-15 8.374294e-16 2.6837703e-15
193966.06 3.842076e-15 9.502668e-15 2.6615889e-15 8.2798307e-16 2.6530442e-15
194132.6 3.787984e-15 9.396816e-15 2.6232003e-15 8.185365e-16 2.622318e-15
194299.27 3.733893e-15 9.290964e-15 2.5848117e-15 8.0908995e-16 2.591592e-15
194466.08 3.6798017e-15 9.185111e-15 2.5464233e-15 7.996434e-16 2.5608654e-15
194633.03 3.6257106e-15 9.079261e-15 2.5080353e-15 7.9019704e-16 2.53014e-15
194800.14 3.571619e-15 8.973409e-15 2.4696467e-15 7.8075045e-16 2.4994136e-15
194967.38 3.517528e-15 8.867557e-15 2.4312582e-15 7.71304e-16 2.4686875e-15
195134.77 3.463437e-15 8.761705e-15 2.3928698e-15 7.6185754e-16 2.4379616e-15
195302.3 3.4093453e-15 8.655853e-15 2.3544814e-15 7.52411e-16 2.4072352e-15
195469.97 3.3552542e-15 8.550002e-15 2.316093e-15 7.429646e-16 2.3765093e-15
195637.8 3.3011629e-15 8.44415e-15 2.2777044e-15 7.33518e-16 2.345783e-15
195805.75 3.2470718e-15 8.338298e-15 2.2393162e-15 7.2407156e-16 2.3150569e-15
195973.86 3.1929805e-15 8.232447e-15 2.2009277e-15 7.146251e-16 2.2843308e-15
196142.11 3.1388896e-15 8.126596e-15 2.1625395e-15 7.0517865e-16 2.2536048e-15
196310.52 3.0847979e-15 8.020742e-15 2.124151e-15 6.9573206e-16 2.2228783e-15
196479.05 3.0307068e-15 7.914891e-15 2.0857625e-15 6.862856e-16 2.1921524e-15
196647.73 2.9766157e-15 7.80904e-15 2.0473743e-15 6.7683915e-16 2.1614265e-15
196816.56 2.9225246e-15 7.703189e-15 2.0089858e-15 6.673926e-16 2.1307004e-15
196985.55 2.8684332e-15 7.597336e-15 1.9705972e-15 6.579461e-16 2.0999742e-15
197154.67 2.814342e-15 7.491484e-15 1.9322088e-15 6.484996e-16 2.0692481e-15
197323.94 2.7602506e-15 7.385632e-15 1.8938202e-15 6.3905306e-16 2.0385218e-15
197493.34 2.7061595e-15 7.279781e-15 1.855432e-15 6.2960663e-16 2.0077959e-15
197662.89 2.6520684e-15 7.1739295e-15 1.8170439e-15 6.201602e-16 1.97707e-15
197832.6 2.597977e-15 7.068078e-15 1.7786555e-15 6.1071367e-16 1.9463439e-15
198002.45 2.5438856e-15 6.9622254e-15 1.7402667e-15 6.012671e-16 1.9156175e-15
198172.44 2.4897943e-15 6.856374e-15 1.7018784e-15 5.918206e-16 1.8848914e-15
198342.58 2.4357032e-15 6.7505222e-15 1.66349e-15 5.823741e-16 1.8541653e-15
198512.86 2.381612e-15 6.6446707e-15 1.6251017e-15 5.7292774e-16 1.8234394e-15
198683.3 2.3275208e-15 6.538819e-15 1.5867132e-15 5.634812e-16 1.7927133e-15
198853.88 2.2734297e-15 6.4329675e-15 1.5483248e-15 5.5403467e-16 1.761987e-15
199024.6 2.2193383e-15 6.327115e-15 1.5099363e-15 5.4458824e-16 1.7312608e-15
199195.47 2.1652475e-15 6.221264e-15 1.4715482e-15 5.3514176e-16 1.700535e-15
199366.48 2.1111638e-15 6.115427e-15 1.4331651e-15 5.2569655e-16 1.6698131e-15
199537.66 2.0571684e-15 6.009759e-15 1.3948449e-15 5.162665e-16 1.6391404e-15
199708.97 2.004003e-15 5.905677e-15 1.357115e-15 5.0697844e-16 1.6089304e-15
199880.42 1.9551867e-15 5.8099116e-15 1.3224777e-15 4.984347e-16 1.5811453e-15
200052.03 1.9183725e-15 5.7370948e-15 1.2963756e-15 4.9194477e-16 1.5600513e-15
200223.78 1.898518e-15 5.696708e-15 1.282334e-15 4.8835743e-16 1.5484126e-15
200395.67 1.8908454e-15 5.6796147e-15 1.276955e-15 4.8685484e-16 1.5435653e-15
200567.73 1.8876777e-15 5.671135e-15 1.2747795e-15 4.8612317e-16 1.5412295e-15
200739.92 1.8853918e-15 5.664342e-15 1.2732309e-15 4.8554247e-16 1.5393851e-15
200912.27 1.883196e-15 5.657722e-15 1.2717468e-15 4.849772e-16 1.5375912e-15
201084.77 1.8810044e-15 5.6511086e-15 1.2702652e-15 4.844126e-16 1.5357994e-15
201257.39 1.8788123e-15 5.644496e-15 1.2687836e-15 4.83848e-16 1.5340075e-15
201430.19 1.87662e-15 5.6378805e-15 1.2673017e-15 4.8328317e-16 1.5322152e-15
201603.12 1.8744274e-15 5.6312665e-15 1.2658197e-15 4.8271847e-16 1.530423e-15
201776.2 1.8722353e-15 5.6246533e-15 1.264338e-15 4.8215386e-16 1.5286311e-15
201949.44 1.870043e-15 5.618039e-15 1.2628561e-15 4.815891e-16 1.526839e-15
202122.83 1.8678506e-15 5.611425e-15 1.2613744e-15 4.810244e-16 1.5250468e-15
202296.36 1.8656587e-15 5.6048115e-15 1.2598926e-15 4.8045975e-16 1.5232549e-15
202470.03 1.8634663e-15 5.5981974e-15 1.2584108e-15 4.7989504e-16 1.5214628e-15
202643.86 1.861274e-15 5.5915834e-15 1.2569289e-15 4.793304e-16 1.5196708e-15
202817.84 1.8590817e-15 5.5849693e-15 1.2554469e-15 4.7876563e-16 1.5178786e-15
202991.97 1.8568898e-15 5.578356e-15 1.2539653e-15 4.78201e-16 1.5160867e-15
