skypy/data/spectrum_templates/kcorrect_rawspec_nd.ecsv
# %ECSV 0.9
# ---
# meta:
#   origin:
#     citation: Michael R. Blanton and Sam Roweis 2007 AJ 133 734
#     bibcode: 2007AJ....133..734B
#     doi: 10.1086/510127
#     website: http://kcorrect.org
#     github: https://github.com/blanton144/kcorrect
# datatype:
# - name: spectral_axis
#   unit: angstrom
#   datatype: float32
# - name: flux_0
#   unit: erg s-1 cm-2 angstrom-1
#   datatype: float32
# - name: flux_1
#   unit: erg s-1 cm-2 angstrom-1
#   datatype: float32
# - name: flux_2
#   unit: erg s-1 cm-2 angstrom-1
#   datatype: float32
# - name: flux_3
#   unit: erg s-1 cm-2 angstrom-1
#   datatype: float32
# - name: flux_4
#   unit: erg s-1 cm-2 angstrom-1
#   datatype: float32
spectral_axis flux_0 flux_1 flux_2 flux_3 flux_4
[from data line 2674]
5955.758 5.3335933e-11 3.9197863e-09 7.3780045e-11 1.0443888e-11 4.5941467e-10
5960.871 5.313441e-11 3.871219e-09 7.359606e-11 1.0454907e-11 4.5394866e-10
5965.989 5.4085583e-11 3.9022403e-09 7.4282046e-11 1.0650124e-11 4.555967e-10
5971.111 5.4716592e-11 3.859809e-09 7.4740644e-11 1.0866179e-11 4.50582e-10
5976.2373 5.4105314e-11 3.8833345e-09 7.410616e-11 1.0692967e-11 4.5206e-10
5981.368 5.3905384e-11 3.8293826e-09 7.422405e-11 1.0692921e-11 4.5130052e-10
5986.5034 5.2019052e-11 3.8572883e-09 7.25011e-11 1.0189889e-11 4.4969906e-10
5991.643 5.3429098e-11 3.839246e-09 7.3498284e-11 1.0593331e-11 4.479661e-10
5996.787 5.395085e-11 3.826227e-09 7.385689e-11 1.0741991e-11 4.4831155e-10
6001.9355 5.3073716e-11 3.8283736e-09 7.310611e-11 1.049239e-11 4.4699125e-10
6007.089 5.271274e-11 3.803428e-09 7.3004325e-11 1.0422834e-11 4.4376952e-10
6012.246 5.3098102e-11 3.780039e-09 7.301262e-11 1.050796e-11 4.4273576e-10
6017.4077 5.2336902e-11 3.8001318e-09 7.249826e-11 1.0313663e-11 4.4480306e-10
6022.5737 5.19733e-11 3.780525e-09 7.202782e-11 1.0216866e-11 4.438129e-10
6027.7446 5.3420084e-11 3.781537e-09 7.3171705e-11 1.06396775e-11 4.4313056e-10
6032.9194 5.44615e-11 3.7804377e-09 7.4078445e-11 1.0932102e-11 4.4147935e-10
6038.099 5.4983188e-11 3.7672914e-09 7.458959e-11 1.1250394e-11 4.362732e-10
6043.283 5.4111833e-11 3.7429566e-09 7.3535913e-11 1.0952881e-11 4.308026e-10
6048.4717 5.4952206e-11 3.745399e-09 7.428127e-11 1.1124624e-11 4.3927317e-10
6053.6646 5.473352e-11 3.7456673e-09 7.4270756e-11 1.1065946e-11 4.375093e-10
6058.862 5.3433577e-11 3.7218457e-09 7.298879e-11 1.0732718e-11 4.338261e-10
6064.0635 5.367875e-11 3.700328e-09 7.309537e-11 1.0761117e-11 4.3087559e-10
6069.2695 5.3819983e-11 3.6900043e-09 7.307819e-11 1.0900262e-11 4.2875467e-10
6074.4805 5.5160626e-11 3.677251e-09 7.438128e-11 1.1208545e-11 4.2613613e-10
6079.696 5.3531502e-11 3.6673296e-09 7.306117e-11 1.0757966e-11 4.2649864e-10
6084.9155 5.2741728e-11 3.6512242e-09 7.236223e-11 1.0526803e-11 4.2594703e-10
6090.1396 5.297281e-11 3.671692e-09 7.255179e-11 1.0602368e-11 4.2432624e-10
6095.368 5.2757385e-11 3.6394407e-09 7.243261e-11 1.0621294e-11 4.2489492e-10
6100.601 5.4214664e-11 3.6378327e-09 7.3612554e-11 1.0939302e-11 4.232842e-10
6105.839 5.1655385e-11 3.6303438e-09 7.103142e-11 1.0383524e-11 4.231534e-10
6111.081 5.3658456e-11 3.6425758e-09 7.3079306e-11 1.0849394e-11 4.2008347e-10
6116.3276 5.3476307e-11 3.5908232e-09 7.288976e-11 1.0884913e-11 4.1643147e-10
6121.5786 5.1426943e-11 3.5905765e-09 7.110325e-11 1.0279705e-11 4.156049e-10
6126.8345 5.260581e-11 3.6005026e-09 7.1280044e-11 1.0604098e-11 4.1696846e-10
6132.094 5.268175e-11 3.603994e-09 7.204757e-11 1.0755334e-11 4.1566517e-10
6137.359 4.870612e-11 3.5911638e-09 6.875179e-11 9.651598e-12 4.1696588e-10
6142.6284 5.230614e-11 3.5479606e-09 7.078576e-11 1.0680709e-11 4.1046608e-10
6147.902 5.3289605e-11 3.5367358e-09 7.2328046e-11 1.0939823e-11 4.1101247e-10
6153.18 5.250488e-11 3.5229708e-09 7.1592995e-11 1.061511e-11 4.0850165e-10
6158.463 5.0891555e-11 3.5182257e-09 7.010338e-11 1.0351082e-11 4.0650286e-10
6163.7505 4.614863e-11 3.514314e-09 6.573521e-11 8.931843e-12 4.0253775e-10
6169.042 4.9327827e-11 3.4971992e-09 6.836296e-11 9.8015155e-12 3.9861214e-10
6174.3384 5.0385536e-11 3.4848084e-09 6.9537404e-11 1.0109334e-11 3.9637507e-10
6179.6396 5.1042125e-11 3.4776857e-09 7.020185e-11 1.0259325e-11 3.9788078e-10
6184.945 5.2088722e-11 3.4666643e-09 7.100585e-11 1.0521149e-11 3.9886902e-10
6190.255 4.9782803e-11 3.4583212e-09 6.9069736e-11 9.880486e-12 3.983702e-10
6195.5693 5.015114e-11 3.4612035e-09 6.929799e-11 1.0134262e-11 3.9497497e-10
6200.8887 5.0837758e-11 3.4519287e-09 7.001582e-11 1.0181981e-11 3.957874e-10
6206.2124 5.2703675e-11 3.437684e-09 7.151525e-11 1.0659696e-11 3.9367992e-10
6211.5405 5.225162e-11 3.4463128e-09 7.1237384e-11 1.0583882e-11 3.97726e-10
6216.8735 4.8935363e-11 3.427696e-09 6.849629e-11 9.72005e-12 3.9721235e-10
6222.211 4.947074e-11 3.3862042e-09 6.8721834e-11 9.815879e-12 3.9666978e-10
6227.553 5.0585373e-11 3.3997405e-09 6.970416e-11 1.0136482e-11 3.9175616e-10
6232.8994 4.7506617e-11 3.3551408e-09 6.675196e-11 9.387802e-12 3.8617887e-10
6238.251 5.048506e-11 3.3475764e-09 6.9087076e-11 1.0249853e-11 3.8829773e-10
6243.6064 4.813969e-11 3.3536927e-09 6.7469544e-11 9.594851e-12 3.8943906e-10
6248.967 4.881066e-11 3.3279404e-09 6.731703e-11 9.928723e-12 3.8907327e-10
6254.332 4.8206904e-11 3.3379801e-09 6.7078045e-11 9.598833e-12 3.8904713e-10
6259.7017 4.6782446e-11 3.3331213e-09 6.6192184e-11 9.216319e-12 3.873265e-10
6265.0757 4.9995855e-11 3.3256933e-09 6.855018e-11 1.007532e-11 3.863551e-10
6270.4546 4.973395e-11 3.2991658e-09 6.85815e-11 1.0067864e-11 3.8164638e-10
6275.838 5.0244833e-11 3.2919198e-09 6.8105535e-11 1.0160087e-11 3.7999198e-10
6281.226 4.7364754e-11 3.10245e-09 6.532645e-11 9.548765e-12 3.5850029e-10
6286.6187 5.02723e-11 3.2119276e-09 6.8531396e-11 1.0233966e-11 3.6041686e-10
6292.016 5.0100733e-11 3.30614e-09 6.852411e-11 1.0230153e-11 3.7336922e-10
6297.418 4.8627814e-11 3.728927e-09 7.126991e-11 9.831568e-12 3.7323766e-10
6302.8247 4.8397685e-11 4.087286e-09 7.383969e-11 9.768758e-12 3.7377657e-10
6308.236 5.0330684e-11 3.7405954e-09 7.166254e-11 1.0303716e-11 3.7120873e-10
6313.652 4.9691418e-11 3.5193644e-09 6.86629e-11 1.01156375e-11 3.6914152e-10
6319.0723 4.8000208e-11 3.3394e-09 6.677532e-11 9.677927e-12 3.713575e-10
6324.4976 5.052163e-11 3.835088e-09 7.3969185e-11 1.03050875e-11 3.732368e-10
6329.9272 5.0977805e-11 5.3117835e-09 8.729989e-11 1.037793e-11 3.7357598e-10
6335.362 5.0300028e-11 4.8566053e-09 8.2437196e-11 1.0277511e-11 3.7421535e-10
6340.8013 4.993568e-11 3.504274e-09 7.0363784e-11 1.0266622e-11 3.7196746e-10
6346.245 4.8908624e-11 3.1556444e-09 6.699717e-11 1.0089071e-11 3.6893477e-10
6351.6934 5.087518e-11 3.1534118e-09 6.849325e-11 1.0583718e-11 3.6970899e-10
6357.1465 4.9706506e-11 3.2420817e-09 6.804803e-11 1.0141308e-11 3.7046513e-10
6362.6045 4.736451e-11 3.416517e-09 6.819239e-11 9.5655515e-12 3.664908e-10
6368.067 4.9766972e-11 3.3909946e-09 6.956705e-11 1.0222526e-11 3.6519948e-10
6373.534 5.0117632e-11 3.1584808e-09 6.7973335e-11 1.05166865e-11 3.6298134e-10
6379.0063 5.0404146e-11 3.1527505e-09 6.78031e-11 1.0482307e-11 3.5842143e-10
6384.483 5.0155637e-11 3.137629e-09 6.7571136e-11 1.0440195e-11 3.5995792e-10
6389.9644 5.147407e-11 3.1480507e-09 6.867596e-11 1.0730255e-11 3.6394504e-10
6395.45 4.93121e-11 3.1521652e-09 6.6817316e-11 1.0206002e-11 3.6168799e-10
6400.941 4.9777227e-11 3.1322385e-09 6.7032074e-11 1.0267852e-11 3.6040199e-10
6406.4365 5.1099337e-11 3.0973692e-09 6.822051e-11 1.0715519e-11 3.526356e-10
6411.9365 4.91137e-11 3.1466632e-09 6.631606e-11 1.021344e-11 3.5614112e-10
6417.4414 4.9776034e-11 3.1276006e-09 6.713423e-11 1.0397235e-11 3.590273e-10
6422.951 4.905988e-11 3.1355498e-09 6.62957e-11 1.0081306e-11 3.5818204e-10
6428.466 5.1759458e-11 3.131341e-09 6.867003e-11 1.0742186e-11 3.5807576e-10
6433.985 4.8919337e-11 3.1206289e-09 6.607081e-11 1.0170153e-11 3.561638e-10
6439.509 4.8924347e-11 3.1039458e-09 6.580612e-11 1.01631386e-11 3.541745e-10
6445.037 5.1521273e-11 3.097792e-09 6.812476e-11 1.0847692e-11 3.5405281e-10
6450.5703 4.8603205e-11 3.0879836e-09 6.5844455e-11 1.0051743e-11 3.5127282e-10
6456.1084 4.9231525e-11 3.0664449e-09 6.5820516e-11 1.0408776e-11 3.5107475e-10
6461.6514 4.941295e-11 3.0493543e-09 6.591845e-11 1.0381045e-11 3.5101289e-10
6467.199 4.9079865e-11 3.0468588e-09 6.553413e-11 1.0325606e-11 3.4974776e-10
6472.7515 4.927944e-11 3.0393934e-09 6.56604e-11 1.0402585e-11 3.5001302e-10
6478.3086 5.006202e-11 3.0114395e-09 6.632239e-11 1.0544911e-11 3.4605294e-10
6483.8706 4.854059e-11 2.9897356e-09 6.50147e-11 1.0148714e-11 3.4414577e-10
6489.437 4.9517786e-11 2.9987337e-09 6.591364e-11 1.0434186e-11 3.4740397e-10
6495.0083 4.4373737e-11 2.978113e-09 6.102517e-11 9.1738145e-12 3.4202324e-10
6500.585 4.5948606e-11 2.9821574e-09 6.251049e-11 9.580153e-12 3.4042114e-10
6506.166 4.939709e-11 2.9881682e-09 6.557219e-11 1.044511e-11 3.424249e-10
6511.7515 4.942701e-11 2.9909926e-09 6.5455884e-11 1.0438725e-11 3.410426e-10
6517.3423 4.846452e-11 2.9711422e-09 6.428488e-11 1.0231899e-11 3.362109e-10
6522.9375 4.9395276e-11 2.966066e-09 6.53122e-11 1.0496416e-11 3.3460318e-10
6528.5376 4.887672e-11 2.9294793e-09 6.472583e-11 1.0372994e-11 3.2439726e-10
6534.143 4.8549775e-11 2.9233433e-09 6.424436e-11 1.03270855e-11 3.3029474e-10
6539.753 4.929829e-11 3.3150567e-09 7.0843e-11 1.0577468e-11 3.3389796e-10
6545.367 4.8492967e-11 5.4698814e-09 1.04388095e-10 1.0245552e-11 3.300261e-10
6550.987 4.832975e-11 7.630715e-09 1.3279941e-10 1.0352118e-11 3.2723785e-10
6556.6113 4.5862453e-11 1.8744128e-08 2.1617842e-10 9.816707e-12 3.1496636e-10
6562.24 4.303858e-11 5.9048027e-08 5.7777366e-10 8.906942e-12 2.576434e-10
6567.874 4.7430764e-11 5.306161e-08 5.250047e-10 1.0196975e-11 2.7228966e-10
6573.513 4.5695028e-11 1.3672054e-08 1.631222e-10 9.82214e-12 3.192329e-10
6579.1567 4.888508e-11 8.4008605e-09 1.502073e-10 1.0320341e-11 3.274025e-10
6584.805 5.1102914e-11 1.46103725e-08 2.5462268e-10 1.0384137e-11 3.288252e-10
6590.4585 5.0629775e-11 9.068727e-09 1.6469631e-10 1.0637551e-11 3.2836575e-10
6596.1167 4.685499e-11 3.6068637e-09 7.436243e-11 9.878814e-12 3.266238e-10
6601.78 4.8280203e-11 2.8533158e-09 6.388143e-11 1.0281467e-11 3.2631034e-10
6607.4478 4.7195622e-11 2.8334382e-09 6.300189e-11 9.938786e-12 3.2505953e-10
6613.12 4.8088512e-11 2.7977576e-09 6.366666e-11 1.0179411e-11 3.1801337e-10
6618.798 4.884606e-11 2.815757e-09 6.41594e-11 1.03958986e-11 3.229906e-10
6624.4805 4.8114904e-11 2.8057143e-09 6.370821e-11 1.01846405e-11 3.2191322e-10
6630.168 4.8081327e-11 2.7978484e-09 6.368071e-11 1.0171302e-11 3.2047823e-10
6635.8604 4.659802e-11 2.7883769e-09 6.2541784e-11 9.773522e-12 3.2229328e-10
6641.557 4.8090608e-11 2.7884028e-09 6.354584e-11 1.01280035e-11 3.2092787e-10
6647.2593 4.759975e-11 2.7794391e-09 6.3248476e-11 1.0033037e-11 3.197508e-10
6652.9663 4.800863e-11 2.7886147e-09 6.360909e-11 1.0165742e-11 3.19846e-10
6658.678 4.784653e-11 2.763379e-09 6.336802e-11 1.01110275e-11 3.1638436e-10
6664.395 4.6477832e-11 2.7518743e-09 6.21666e-11 9.742088e-12 3.137735e-10
6670.1167 4.7064748e-11 2.7436264e-09 6.2505875e-11 9.9693595e-12 3.1597708e-10
6675.8433 4.7783114e-11 2.6662406e-09 6.295093e-11 1.0133031e-11 3.1211894e-10
6681.5747 4.6275966e-11 2.519203e-09 6.1725576e-11 9.763533e-12 3.0544497e-10
6687.311 4.7609954e-11 2.7116154e-09 6.29274e-11 1.0073033e-11 3.0316988e-10
6693.0522 4.7726614e-11 2.7084666e-09 6.3012616e-11 1.0142066e-11 3.103213e-10
6698.799 4.664609e-11 2.7078928e-09 6.2207635e-11 9.789525e-12 3.113111e-10
6704.55 4.6978282e-11 2.8443683e-09 6.369374e-11 9.956776e-12 3.119267e-10
6710.306 4.7559883e-11 4.8148157e-09 8.697367e-11 9.99591e-12 3.1044545e-10
6716.067 4.7401843e-11 1.0233437e-08 1.4911743e-10 9.6179835e-12 3.1091266e-10
6721.833 4.7786473e-11 9.30826e-09 1.3864355e-10 9.83244e-12 3.1184424e-10
6727.604 4.7447983e-11 7.180514e-09 1.14043476e-10 9.854392e-12 3.099892e-10
6733.38 4.83418e-11 8.35394e-09 1.2817225e-10 1.00002446e-11 3.1005365e-10
6739.1606 4.7234293e-11 4.8444666e-09 8.7348934e-11 9.849332e-12 3.0706956e-10
6744.947 4.6314612e-11 2.8310123e-09 6.3667356e-11 9.7680405e-12 3.0385505e-10
6750.7373 4.5463452e-11 2.6345595e-09 6.0671426e-11 9.624425e-12 3.047848e-10
6756.533 4.61306e-11 2.6372367e-09 6.148875e-11 9.775848e-12 3.0335096e-10
6762.334 4.709644e-11 2.6137366e-09 6.196014e-11 1.0039173e-11 3.033544e-10
6768.1396 4.6121957e-11 2.61234e-09 6.107322e-11 9.742588e-12 3.0140043e-10
6773.9507 4.6594742e-11 2.616486e-09 6.174686e-11 9.847674e-12 3.011168e-10
6779.766 4.7497565e-11 2.5994973e-09 6.230982e-11 1.0137336e-11 3.0145747e-10
6785.587 4.5323863e-11 2.5870441e-09 6.05352e-11 9.5538135e-12 2.996236e-10
6791.4126 4.6430707e-11 2.5921665e-09 6.124903e-11 9.923243e-12 3.0109779e-10
6797.243 4.5834916e-11 2.5917586e-09 6.0830334e-11 9.72838e-12 2.9713548e-10
6803.079 4.6412586e-11 2.571273e-09 6.122304e-11 9.917277e-12 2.9707636e-10
6808.92 4.6354063e-11 2.5847127e-09 6.112772e-11 9.871074e-12 2.968211e-10
6814.7656 4.621627e-11 2.5513818e-09 6.099151e-11 9.829062e-12 2.9452768e-10
6820.616 4.6247162e-11 2.5583735e-09 6.087887e-11 9.888703e-12 2.9562142e-10
6826.472 4.6796858e-11 2.5582905e-09 6.1239895e-11 1.0065867e-11 2.9425995e-10
6832.333 4.6124923e-11 2.5448428e-09 6.0813514e-11 9.903737e-12 2.9267697e-10
6838.1987 4.6353667e-11 2.5421563e-09 6.0850304e-11 9.923813e-12 2.9237604e-10
6844.07 4.456697e-11 2.5205094e-09 5.928668e-11 9.5059256e-12 2.912267e-10
6849.9453 4.6396074e-11 2.5158553e-09 6.0666965e-11 9.977379e-12 2.9071917e-10
6855.8267 4.5464982e-11 2.5078533e-09 6.0119236e-11 9.685002e-12 2.8920516e-10
6861.7124 4.4644396e-11 2.4990505e-09 5.913415e-11 9.410597e-12 2.8802535e-10
6867.6035 4.5073435e-11 2.492732e-09 5.9795564e-11 9.561911e-12 2.8732602e-10
6873.4995 4.5106772e-11 2.485702e-09 5.985747e-11 9.628685e-12 2.8627764e-10
6879.401 4.556916e-11 2.4785092e-09 6.006982e-11 9.765881e-12 2.85658e-10
6885.307 4.439377e-11 2.470957e-09 5.900099e-11 9.431291e-12 2.84547e-10
6891.2183 4.512315e-11 2.464066e-09 5.946823e-11 9.704892e-12 2.8398836e-10
6897.135 4.5300257e-11 2.45726e-09 5.9724815e-11 9.781157e-12 2.8309025e-10
6903.056 4.491099e-11 2.4501214e-09 5.95121e-11 9.643137e-12 2.8197825e-10
6908.983 4.521266e-11 2.4429607e-09 5.960279e-11 9.760172e-12 2.8140673e-10
6914.9146 4.5249384e-11 2.4358902e-09 5.940937e-11 9.819016e-12 2.8063551e-10
6920.851 4.4152515e-11 2.4284552e-09 5.833232e-11 9.557778e-12 2.792756e-10
6926.793 4.4802193e-11 2.4216384e-09 5.896363e-11 9.670491e-12 2.7888677e-10
6932.74 4.5774676e-11 2.4153923e-09 5.976647e-11 9.979525e-12 2.7864228e-10
6938.692 4.5545824e-11 2.4086366e-09 5.922661e-11 9.940293e-12 2.7764216e-10
6944.6494 4.5955028e-11 2.4020317e-09 5.980433e-11 1.006805e-11 2.7691222e-10
6950.6113 4.5598372e-11 2.3950562e-09 5.925525e-11 9.9454715e-12 2.7623842e-10
6956.579 4.476486e-11 2.3709925e-09 5.860671e-11 9.763733e-12 2.7239835e-10
6962.5513 4.5456052e-11 2.3807576e-09 5.919546e-11 1.0017914e-11 2.738267e-10
6968.529 4.568005e-11 2.386567e-09 5.936638e-11 1.0104564e-11 2.7404765e-10
6974.5117 4.5787256e-11 2.3777282e-09 5.945141e-11 1.0107496e-11 2.7511948e-10
6980.4995 4.2993286e-11 2.3621425e-09 5.7044234e-11 9.42493e-12 2.7369182e-10
6986.4927 4.610917e-11 2.3487032e-09 5.95035e-11 1.0199739e-11 2.70958e-10
6992.4907 4.531567e-11 2.3291238e-09 5.893725e-11 9.948114e-12 2.674454e-10
6998.494 4.477359e-11 2.3382596e-09 5.8146397e-11 9.888717e-12 2.6823294e-10
7004.503 4.3984115e-11 2.3240894e-09 5.7395276e-11 9.788536e-12 2.6643915e-10
7010.5166 4.4785304e-11 2.3253932e-09 5.853556e-11 9.911256e-12 2.697736e-10
7016.535 4.341149e-11 2.3128703e-09 5.7057744e-11 9.4704305e-12 2.6668717e-10
7022.559 4.5300163e-11 2.3088775e-09 5.8633556e-11 1.00454775e-11 2.6621974e-10
7028.5884 4.4446353e-11 2.2867679e-09 5.803726e-11 9.850199e-12 2.6492894e-10
7034.6226 4.5227367e-11 2.2941256e-09 5.8569836e-11 1.0115499e-11 2.6935687e-10
7040.662 4.5326284e-11 2.2924205e-09 5.8603206e-11 9.989669e-12 2.657723e-10
7046.707 4.635524e-11 2.2914572e-09 5.95625e-11 1.02716525e-11 2.6689706e-10
7052.757 4.5300874e-11 2.28685e-09 5.855115e-11 1.0035816e-11 2.6560257e-10
7058.812 4.420547e-11 2.2782392e-09 5.7929106e-11 9.629701e-12 2.6382582e-10
7064.872 4.427381e-11 2.0812114e-09 5.815406e-11 9.6026615e-12 2.5695318e-10
7070.9375 4.3924312e-11 2.2321645e-09 5.7814895e-11 9.518611e-12 2.5983396e-10
7077.0083 4.491184e-11 2.256558e-09 5.828261e-11 9.839787e-12 2.6134253e-10
7083.0845 4.4158528e-11 2.2540818e-09 5.7413414e-11 9.691037e-12 2.5915003e-10
7089.1655 4.2699903e-11 2.2559512e-09 5.654011e-11 9.259516e-12 2.6022218e-10
7095.252 4.248284e-11 2.251134e-09 5.6279436e-11 9.225523e-12 2.5891508e-10
