skypy/data/spectrum_templates/kcorrect_spec_nl.ecsv
# %ECSV 0.9
# ---
# meta:
#   origin:
#     citation: Michael R. Blanton and Sam Roweis 2007 AJ 133 734
#     bibcode: 2007AJ....133..734B
#     doi: 10.1086/510127
#     website: http://kcorrect.org
#     github: https://github.com/blanton144/kcorrect
# datatype:
# - name: spectral_axis
#   unit: angstrom
#   datatype: float32
# - name: flux_0
#   unit: erg s-1 cm-2 angstrom-1
#   datatype: float32
# - name: flux_1
#   unit: erg s-1 cm-2 angstrom-1
#   datatype: float32
# - name: flux_2
#   unit: erg s-1 cm-2 angstrom-1
#   datatype: float32
# - name: flux_3
#   unit: erg s-1 cm-2 angstrom-1
#   datatype: float32
# - name: flux_4
#   unit: erg s-1 cm-2 angstrom-1
#   datatype: float32
spectral_axis flux_0 flux_1 flux_2 flux_3 flux_4
[from data line 7597]
407135.0 1.117047e-16 3.3663599e-16 7.9443895e-17 3.0604376e-17 9.2528556e-17
407484.53 1.115088e-16 3.3604163e-16 7.930437e-17 3.055069e-17 9.236604e-17
407834.38 1.113129e-16 3.3544726e-16 7.916483e-17 3.0496998e-17 9.22035e-17
408184.53 1.1111698e-16 3.3485288e-16 7.90253e-17 3.0443307e-17 9.2040976e-17
408534.97 1.10921075e-16 3.342585e-16 7.8885767e-17 3.0389616e-17 9.187844e-17
408885.72 1.1072517e-16 3.3366417e-16 7.8746244e-17 3.033593e-17 9.171592e-17
409236.75 1.1052926e-16 3.3306982e-16 7.860671e-17 3.0282242e-17 9.155338e-17
409588.1 1.10333354e-16 3.3247544e-16 7.846718e-17 3.022855e-17 9.139085e-17
409939.75 1.1013745e-16 3.3188106e-16 7.832765e-17 3.017486e-17 9.122833e-17
410291.7 1.0994154e-16 3.3128676e-16 7.818812e-17 3.0121177e-17 9.10658e-17
410643.97 1.0974562e-16 3.3069236e-16 7.804858e-17 3.0067483e-17 9.090326e-17
410996.5 1.0954973e-16 3.30098e-16 7.7909065e-17 3.00138e-17 9.074075e-17
411349.38 1.09353806e-16 3.2950365e-16 7.776952e-17 2.9960108e-17 9.057821e-17
411702.53 1.09157904e-16 3.2890927e-16 7.763e-17 2.990642e-17 9.0415685e-17
412056.0 1.0896199e-16 3.283149e-16 7.7490465e-17 2.9852727e-17 9.025315e-17
412409.75 1.087661e-16 3.2772057e-16 7.735094e-17 2.9799043e-17 9.009063e-17
412763.84 1.0857018e-16 3.271262e-16 7.72114e-17 2.9745352e-17 8.992809e-17
413118.22 1.08374266e-16 3.265318e-16 7.707187e-17 2.9691665e-17 8.976556e-17
413472.88 1.0817837e-16 3.2593748e-16 7.693235e-17 2.9637974e-17 8.960304e-17
413827.88 1.07982453e-16 3.253431e-16 7.6792814e-17 2.9584283e-17 8.9440505e-17
414183.16 1.0778655e-16 3.2474878e-16 7.665328e-17 2.9530596e-17 8.927798e-17
414538.75 1.0759065e-16 3.2415437e-16 7.6513757e-17 2.9476905e-17 8.911545e-17
414894.66 1.0739473e-16 3.2356002e-16 7.637422e-17 2.9423218e-17 8.8952925e-17
415250.84 1.0719884e-16 3.2296572e-16 7.62347e-17 2.936953e-17 8.87904e-17
415607.38 1.07002926e-16 3.2237132e-16 7.6095164e-17 2.931584e-17 8.862786e-17
415964.2 1.0680701e-16 3.2177694e-16 7.595563e-17 2.926215e-17 8.846534e-17
416321.3 1.06611094e-16 3.2118256e-16 7.581609e-17 2.920846e-17 8.83028e-17
416678.72 1.06415204e-16 3.2058826e-16 7.567657e-17 2.915477e-17 8.814028e-17
417036.47 1.0621928e-16 3.1999385e-16 7.5537035e-17 2.910108e-17 8.7977745e-17
417394.5 1.06023385e-16 3.193995e-16 7.539751e-17 2.9047394e-17 8.781522e-17
417752.84 1.0582747e-16 3.1880515e-16 7.525798e-17 2.8993706e-17 8.7652697e-17
418111.53 1.0563155e-16 3.1821077e-16 7.511844e-17 2.8940012e-17 8.749015e-17
418470.47 1.05435664e-16 3.1761642e-16 7.497892e-17 2.8886328e-17 8.732764e-17
418829.75 1.0523975e-16 3.1702207e-16 7.483939e-17 2.883264e-17 8.716511e-17
419189.34 1.0504383e-16 3.1642769e-16 7.4699855e-17 2.877895e-17 8.700257e-17
419549.22 1.0484793e-16 3.1583333e-16 7.456032e-17 2.872526e-17 8.684005e-17
419909.44 1.0465202e-16 3.1523898e-16 7.442079e-17 2.8671572e-17 8.667752e-17
420269.94 1.0445611e-16 3.146446e-16 7.4281256e-17 2.861788e-17 8.651498e-17
420630.75 1.0426022e-16 3.140503e-16 7.414174e-17 2.8564198e-17 8.635247e-17
420991.88 1.04064304e-16 3.134559e-16 7.4002205e-17 2.8510507e-17 8.618993e-17
421353.34 1.03868375e-16 3.128615e-16 7.386266e-17 2.8456813e-17 8.602739e-17
421715.1 1.0367247e-16 3.1226717e-16 7.3723134e-17 2.8403126e-17 8.586487e-17
422077.12 1.03476576e-16 3.1167284e-16 7.358361e-17 2.8349442e-17 8.570235e-17
422439.5 1.0328066e-16 3.1107846e-16 7.3444076e-17 2.8295748e-17 8.553981e-17
422802.2 1.0308476e-16 3.104841e-16 7.330455e-17 2.824206e-17 8.537729e-17
423165.2 1.02888834e-16 3.098897e-16 7.316501e-17 2.818837e-17 8.521475e-17
423528.5 1.02692925e-16 3.0929532e-16 7.3025476e-17 2.813468e-17 8.505222e-17
423892.1 1.02497035e-16 3.08701e-16 7.288596e-17 2.8080995e-17 8.488971e-17
424256.03 1.02301126e-16 3.0810665e-16 7.274642e-17 2.8027304e-17 8.472717e-17
424620.28 1.02105216e-16 3.075123e-16 7.260689e-17 2.7973614e-17 8.4564646e-17
424984.84 1.01909293e-16 3.069179e-16 7.246735e-17 2.7919923e-17 8.44021e-17
425349.7 1.0171341e-16 3.063236e-16 7.232784e-17 2.786624e-17 8.423959e-17
425714.88 1.01517494e-16 3.057292e-16 7.2188304e-17 2.781255e-17 8.407706e-17
426080.38 1.0132158e-16 3.0513483e-16 7.204877e-17 2.7758858e-17 8.391452e-17
426446.2 1.0112566e-16 3.0454045e-16 7.190923e-17 2.7705169e-17 8.3752e-17
426812.3 1.0092976e-16 3.039461e-16 7.1769704e-17 2.765148e-17 8.3589466e-17
427178.75 1.0073384e-16 3.0335175e-16 7.1630175e-17 2.7597791e-17 8.3426935e-17
427545.5 1.0053795e-16 3.0275737e-16 7.149064e-17 2.7544102e-17 8.3264404e-17
427912.56 1.0034204e-16 3.02163e-16 7.135111e-17 2.7490411e-17 8.310188e-17
428279.94 1.00146135e-16 3.015687e-16 7.121158e-17 2.7436724e-17 8.293935e-17
428647.62 9.995022e-17 3.009743e-16 7.1072046e-17 2.7383033e-17 8.2776824e-17
429015.66 9.975431e-17 3.0037993e-16 7.0932524e-17 2.7329344e-17 8.261429e-17
429383.97 9.95584e-17 2.9978558e-16 7.079299e-17 2.7275655e-17 8.245176e-17
429752.62 9.936249e-17 2.991912e-16 7.065346e-17 2.7221968e-17 8.228923e-17
430121.56 9.91666e-17 2.9859685e-16 7.051393e-17 2.716828e-17 8.212671e-17
430490.84 9.897068e-17 2.9800247e-16 7.0374396e-17 2.711459e-17 8.1964175e-17
430860.44 9.877478e-17 2.9740817e-16 7.0234873e-17 2.7060903e-17 8.180166e-17
431230.34 9.857887e-17 2.968138e-16 7.0095345e-17 2.7007215e-17 8.163912e-17
431600.6 9.838296e-17 2.962194e-16 6.9955816e-17 2.6953525e-17 8.1476596e-17
431971.12 9.818706e-17 2.9562506e-16 6.981629e-17 2.6899837e-17 8.131407e-17
432342.0 9.7991144e-17 2.950307e-16 6.9676745e-17 2.6846147e-17 8.1151533e-17
432713.2 9.779523e-17 2.944363e-16 6.9537216e-17 2.6792454e-17 8.0989e-17
433084.7 9.7599325e-17 2.9384195e-16 6.939769e-17 2.6738767e-17 8.082648e-17
433456.5 9.7403416e-17 2.9324762e-16 6.925816e-17 2.6685077e-17 8.066395e-17
433828.66 9.7207506e-17 2.9265324e-16 6.911862e-17 2.6631388e-17 8.0501416e-17
434201.1 9.70116e-17 2.9205892e-16 6.89791e-17 2.6577702e-17 8.03389e-17
434573.88 9.6815694e-17 2.9146454e-16 6.8839565e-17 2.6524013e-17 8.017637e-17
434947.0 9.661978e-17 2.9087013e-16 6.8700023e-17 2.647032e-17 8.001383e-17
435320.4 9.6423875e-17 2.9027584e-16 6.856051e-17 2.6416635e-17 7.985131e-17
435694.16 9.622796e-17 2.8968143e-16 6.842097e-17 2.6362944e-17 7.9688774e-17
436068.22 9.6032056e-17 2.8908708e-16 6.828144e-17 2.6309255e-17 7.952624e-17
436442.6 9.5836147e-17 2.8849272e-16 6.8141915e-17 2.6255568e-17 7.9363725e-17
436817.28 9.564024e-17 2.8789837e-16 6.800238e-17 2.6201879e-17 7.920119e-17
437192.3 9.544433e-17 2.8730397e-16 6.786285e-17 2.6148188e-17 7.9038656e-17
437567.66 9.5248425e-17 2.8670964e-16 6.772332e-17 2.6094503e-17 7.887613e-17
437943.34 9.505252e-17 2.8611532e-16 6.758379e-17 2.6040812e-17 7.871361e-17
438319.34 9.4856606e-17 2.855209e-16 6.744425e-17 2.5987121e-17 7.855107e-17
438695.66 9.466068e-17 2.849265e-16 6.7304715e-17 2.593343e-17 7.838853e-17
439072.28 9.4464794e-17 2.8433218e-16 6.716519e-17 2.5879747e-17 7.822602e-17
439449.25 9.426889e-17 2.8373783e-16 6.7025664e-17 2.5826056e-17 7.806348e-17
439826.53 9.407298e-17 2.8314347e-16 6.6886135e-17 2.5772367e-17 7.790096e-17
440204.12 9.387707e-17 2.8254912e-16 6.67466e-17 2.5718676e-17 7.773843e-17
440582.06 9.368116e-17 2.8195477e-16 6.660707e-17 2.5664987e-17 7.7575896e-17
440960.34 9.348524e-17 2.8136036e-16 6.6467536e-17 2.5611295e-17 7.741336e-17
441338.9 9.3289343e-17 2.8076604e-16 6.6328013e-17 2.555761e-17 7.725084e-17
441717.8 9.3093434e-17 2.8017169e-16 6.618848e-17 2.5503919e-17 7.708831e-17
442097.06 9.289752e-17 2.7957728e-16 6.604895e-17 2.5450228e-17 7.692578e-17
442476.62 9.2701615e-17 2.789829e-16 6.5909414e-17 2.5396541e-17 7.676325e-17
442856.5 9.2505706e-17 2.7838857e-16 6.5769885e-17 2.5342852e-17 7.660072e-17
443236.72 9.2309796e-17 2.777942e-16 6.5630356e-17 2.5289163e-17 7.643819e-17
443617.25 9.211389e-17 2.7719984e-16 6.549082e-17 2.5235474e-17 7.627566e-17
443998.12 9.191798e-17 2.7660546e-16 6.535129e-17 2.5181783e-17 7.611313e-17
444379.3 9.1722074e-17 2.760111e-16 6.521176e-17 2.5128098e-17 7.5950605e-17
444760.8 9.152617e-17 2.7541679e-16 6.5072234e-17 2.507441e-17 7.578809e-17
445142.66 9.133027e-17 2.748224e-16 6.4932705e-17 2.5020721e-17 7.562555e-17
445524.84 9.1134346e-17 2.7422805e-16 6.479317e-17 2.4967029e-17 7.546302e-17
445907.34 9.093844e-17 2.736337e-16 6.4653634e-17 2.491334e-17 7.5300494e-17
446290.16 9.074255e-17 2.7303935e-16 6.451412e-17 2.4859656e-17 7.513797e-17
446673.3 9.054664e-17 2.72445e-16 6.4374583e-17 2.4805965e-17 7.4975446e-17
447056.8 9.035072e-17 2.718506e-16 6.423505e-17 2.4752275e-17 7.481291e-17
447440.62 9.015482e-17 2.7125624e-16 6.4095526e-17 2.4698587e-17 7.4650383e-17
447824.78 8.9958896e-17 2.7066186e-16 6.3955984e-17 2.4644895e-17 7.4487846e-17
448209.25 8.9763006e-17 2.7006753e-16 6.381646e-17 2.4591211e-17 7.432533e-17
448594.06 8.9567084e-17 2.6947316e-16 6.3676926e-17 2.4537519e-17 7.416279e-17
448979.2 8.937118e-17 2.688788e-16 6.35374e-17 2.4483833e-17 7.4000266e-17
449364.66 8.917527e-17 2.6828445e-16 6.339787e-17 2.4430142e-17 7.3837735e-17
449750.47 8.8979355e-17 2.6769007e-16 6.325833e-17 2.4376452e-17 7.3675204e-17
450136.6 8.878345e-17 2.670957e-16 6.31188e-17 2.4322763e-17 7.351267e-17
450523.06 8.8587536e-17 2.6650131e-16 6.297927e-17 2.4269072e-17 7.3350135e-17
450909.84 8.839164e-17 2.6590701e-16 6.2839746e-17 2.4215385e-17 7.318762e-17
451296.97 8.819573e-17 2.6531266e-16 6.270022e-17 2.4161698e-17 7.302509e-17
451684.44 8.799982e-17 2.6471826e-16 6.256068e-17 2.4108007e-17 7.286256e-17
452072.22 8.7803905e-17 2.6412388e-16 6.242115e-17 2.4054316e-17 7.2700024e-17
452460.34 8.760801e-17 2.6352955e-16 6.2281625e-17 2.400063e-17 7.2537506e-17
452848.78 8.74121e-17 2.6293517e-16 6.214209e-17 2.394694e-17 7.2374975e-17
453237.6 8.721619e-17 2.6234082e-16 6.2002554e-17 2.3893251e-17 7.221244e-17
453626.72 8.7020274e-17 2.6174644e-16 6.1863025e-17 2.383956e-17 7.204991e-17
454016.16 8.682438e-17 2.6115214e-16 6.17235e-17 2.3785875e-17 7.188739e-17
454405.97 8.662846e-17 2.605577e-16 6.158397e-17 2.3732182e-17 7.172486e-17
454796.1 8.643255e-17 2.5996336e-16 6.144443e-17 2.3678493e-17 7.1562326e-17
455186.53 8.623665e-17 2.59369e-16 6.130491e-17 2.3624808e-17 7.13998e-17
455577.34 8.604074e-17 2.5877465e-16 6.116538e-17 2.3571117e-17 7.123727e-17
455968.47 8.584483e-17 2.581803e-16 6.102585e-17 2.3517428e-17 7.1074746e-17
456359.94 8.564892e-17 2.5758592e-16 6.0886316e-17 2.3463739e-17 7.091221e-17
456751.75 8.545301e-17 2.5699157e-16 6.074678e-17 2.341005e-17 7.0749684e-17
457143.88 8.525711e-17 2.5639724e-16 6.060726e-17 2.3356363e-17 7.058716e-17
457536.38 8.506119e-17 2.558028e-16 6.046772e-17 2.330267e-17 7.042462e-17
457929.2 8.486528e-17 2.5520846e-16 6.032819e-17 2.3248981e-17 7.02621e-17
458322.34 8.466937e-17 2.546141e-16 6.018865e-17 2.3195293e-17 7.009956e-17
458715.8 8.447347e-17 2.5401975e-16 6.0049124e-17 2.3141605e-17 6.9937036e-17
459109.66 8.427756e-17 2.5342538e-16 5.9909595e-17 2.3087915e-17 6.977451e-17
459503.8 8.408166e-17 2.5283105e-16 5.977007e-17 2.3034227e-17 6.9611987e-17
459898.3 8.388575e-17 2.5223667e-16 5.963054e-17 2.298054e-17 6.9449456e-17
460293.16 8.368983e-17 2.5164232e-16 5.9491e-17 2.2926848e-17 6.9286925e-17
460688.34 8.3493924e-17 2.5104794e-16 5.935147e-17 2.287316e-17 6.9124393e-17
461083.84 8.329803e-17 2.5045361e-16 5.921195e-17 2.2819473e-17 6.896187e-17
461479.72 8.310211e-17 2.4985923e-16 5.907241e-17 2.276578e-17 6.879933e-17
461875.9 8.2906215e-17 2.4926488e-16 5.893289e-17 2.2712097e-17 6.8636813e-17
462272.44 8.2710306e-17 2.4867053e-16 5.879336e-17 2.2658408e-17 6.847428e-17
462669.34 8.251439e-17 2.4807615e-16 5.8653816e-17 2.2604714e-17 6.831175e-17
463066.56 8.231848e-17 2.474818e-16 5.8514293e-17 2.2551028e-17 6.814922e-17
463464.12 8.212257e-17 2.4688742e-16 5.837476e-17 2.2497337e-17 6.798669e-17
463862.03 8.1926655e-17 2.4629304e-16 5.823522e-17 2.2443645e-17 6.782416e-17
464260.25 8.1730765e-17 2.4569874e-16 5.80957e-17 2.2389963e-17 6.766164e-17
464658.84 8.153484e-17 2.4510434e-16 5.7956165e-17 2.2336272e-17 6.74991e-17
465057.78 8.133894e-17 2.4450998e-16 5.7816636e-17 2.2282581e-17 6.733658e-17
465457.06 8.1143023e-17 2.4391563e-16 5.76771e-17 2.222889e-17 6.717405e-17
465856.66 8.094713e-17 2.4332128e-16 5.753758e-17 2.2175205e-17 6.701152e-17
466256.62 8.075122e-17 2.4272693e-16 5.739805e-17 2.2121516e-17 6.6849e-17
466656.94 8.055531e-17 2.4213255e-16 5.7258514e-17 2.2067827e-17 6.668647e-17
467057.56 8.03594e-17 2.4153817e-16 5.7118985e-17 2.2014136e-17 6.6523936e-17
467458.56 8.0163496e-17 2.4094382e-16 5.6979456e-17 2.1960449e-17 6.6361405e-17
467859.88 7.996759e-17 2.4034946e-16 5.683993e-17 2.190676e-17 6.619888e-17
468261.56 7.977168e-17 2.397551e-16 5.670039e-17 2.185307e-17 6.603635e-17
468663.6 7.957577e-17 2.3916076e-16 5.656086e-17 2.179938e-17 6.5873825e-17
469065.97 7.937986e-17 2.3856638e-16 5.642133e-17 2.174569e-17 6.571129e-17
469468.66 7.9183955e-17 2.3797203e-16 5.6281806e-17 2.1692004e-17 6.554876e-17
469871.72 7.8988046e-17 2.3737767e-16 5.614227e-17 2.1638314e-17 6.538623e-17
470275.12 7.8792136e-17 2.367833e-16 5.600274e-17 2.1584625e-17 6.52237e-17
470678.88 7.859623e-17 2.3618892e-16 5.586321e-17 2.1530936e-17 6.5061176e-17
471082.97 7.840032e-17 2.355946e-16 5.572368e-17 2.1477245e-17 6.4898645e-17
471487.4 7.8204415e-17 2.3500024e-16 5.558415e-17 2.142356e-17 6.473612e-17
471892.22 7.80085e-17 2.3440583e-16 5.5444616e-17 2.1369869e-17 6.457358e-17
472297.34 7.78126e-17 2.338115e-16 5.5305087e-17 2.1316181e-17 6.441106e-17
472702.84 7.761668e-17 2.3321713e-16 5.5165555e-17 2.126249e-17 6.424853e-17
473108.7 7.742077e-17 2.3262275e-16 5.502602e-17 2.12088e-17 6.4085997e-17
473514.84 7.7224874e-17 2.3202842e-16 5.4886498e-17 2.1155114e-17 6.392347e-17
473921.38 7.7028964e-17 2.3143407e-16 5.474697e-17 2.1101424e-17 6.376094e-17
474328.28 7.6833055e-17 2.308397e-16 5.4607433e-17 2.1047735e-17 6.359841e-17
474735.5 7.663715e-17 2.302453e-16 5.4467904e-17 2.0994047e-17 6.3435886e-17
475143.1 7.644124e-17 2.2965096e-16 5.4328372e-17 2.0940358e-17 6.3273355e-17
475551.0 7.624533e-17 2.290566e-16 5.418884e-17 2.0886668e-17 6.311083e-17
475959.28 7.604942e-17 2.2846223e-16 5.4049308e-17 2.0832979e-17 6.29483e-17
476367.94 7.58535e-17 2.2786785e-16 5.3909773e-17 2.0779288e-17 6.278577e-17
476776.9 7.5657605e-17 2.2727352e-16 5.3770247e-17 2.0725601e-17 6.262324e-17
477186.25 7.546169e-17 2.2667915e-16 5.363071e-17 2.067191e-17 6.2460706e-17
477595.9 7.526579e-17 2.2608482e-16 5.349119e-17 2.0618225e-17 6.229818e-17
478005.97 7.5069877e-17 2.254904e-16 5.335165e-17 2.0564532e-17 6.213565e-17
478416.34 7.487397e-17 2.248961e-16 5.3212122e-17 2.0510843e-17 6.1973126e-17
478827.1 7.467806e-17 2.243017e-16 5.3072593e-17 2.0457154e-17 6.1810595e-17
479238.2 7.448215e-17 2.2370733e-16 5.293306e-17 2.0403465e-17 6.1648064e-17
479649.62 7.4286245e-17 2.23113e-16 5.2793532e-17 2.0349778e-17 6.148554e-17
480061.44 7.409033e-17 2.225186e-16 5.2654e-17 2.0296087e-17 6.1323e-17
480473.56 7.389444e-17 2.2192429e-16 5.2514478e-17 2.0242403e-17 6.116049e-17
480886.1 7.369851e-17 2.2132988e-16 5.237494e-17 2.018871e-17 6.0997946e-17
481298.94 7.3502614e-17 2.2073554e-16 5.223541e-17 2.0135022e-17 6.083542e-17
481712.16 7.3306705e-17 2.2014119e-16 5.2095878e-17 2.0081333e-17 6.06729e-17
482125.72 7.31108e-17 2.1954682e-16 5.1956346e-17 2.0027644e-17 6.0510366e-17
482539.66 7.2914886e-17 2.1895246e-16 5.1816817e-17 1.9973955e-17 6.0347835e-17
482953.94 7.2718976e-17 2.1835809e-16 5.1677285e-17 1.9920266e-17 6.0185304e-17
483368.56 7.2523073e-17 2.1776374e-16 5.1537756e-17 1.9866577e-17 6.002278e-17
483783.56 7.2327164e-17 2.1716939e-16 5.1398227e-17 1.981289e-17 5.986025e-17
484198.9 7.2131255e-17 2.1657501e-16 5.1258695e-17 1.9759199e-17 5.9697724e-17
484614.62 7.1935345e-17 2.1598064e-16 5.1119163e-17 1.970551e-17 5.9535186e-17
485030.7 7.173943e-17 2.1538626e-16 5.0979628e-17 1.965182e-17 5.9372655e-17
485447.1 7.1543526e-17 2.1479191e-16 5.08401e-17 1.959813e-17 5.9210124e-17
