skypy/data/spectrum_templates/kcorrect_rawspec_nl.ecsv
# %ECSV 0.9
# ---
# meta:
#   origin:
#     citation: Michael R. Blanton and Sam Roweis 2007 AJ 133 734
#     bibcode: 2007AJ....133..734B
#     doi: 10.1086/510127
#     website: http://kcorrect.org
#     github: https://github.com/blanton144/kcorrect
# datatype:
# - name: spectral_axis
#   unit: angstrom
#   datatype: float32
# - name: flux_0
#   unit: erg s-1 cm-2 angstrom-1
#   datatype: float32
# - name: flux_1
#   unit: erg s-1 cm-2 angstrom-1
#   datatype: float32
# - name: flux_2
#   unit: erg s-1 cm-2 angstrom-1
#   datatype: float32
# - name: flux_3
#   unit: erg s-1 cm-2 angstrom-1
#   datatype: float32
# - name: flux_4
#   unit: erg s-1 cm-2 angstrom-1
#   datatype: float32
spectral_axis flux_0 flux_1 flux_2 flux_3 flux_4
[from data line 820]
1213.2534 1.31684096e-14 1.1842365e-07 3.3155423e-13 1.6182548e-13 1.9081607e-12
1214.295 1.2963309e-14 1.17621596e-07 3.1673316e-13 1.5761318e-13 1.4609594e-12
1215.3375 1.2971095e-14 1.18416466e-07 3.1113586e-13 1.5659961e-13 1.2689415e-12
1216.381 1.3505517e-14 1.2316173e-07 3.2835589e-13 1.6349898e-13 1.7083256e-12
1217.4253 1.4023224e-14 1.2778158e-07 3.448518e-13 1.701472e-13 2.127777e-12
1218.4705 1.4542966e-14 1.324167e-07 3.6143573e-13 1.7682599e-13 2.5497551e-12
1219.5166 1.5063568e-14 1.3705825e-07 3.7805693e-13 1.835177e-13 2.9728088e-12
1220.5636 1.5584356e-14 1.4170134e-07 3.9468645e-13 1.9021217e-13 3.3966684e-12
1221.6115 1.6104939e-14 1.4634337e-07 4.113076e-13 1.9690322e-13 3.822205e-12
1222.6603 1.6624985e-14 1.5098291e-07 4.2790774e-13 2.0358541e-13 4.252465e-12
1223.71 1.714819e-14 1.5563694e-07 4.4463166e-13 2.1031987e-13 4.6550433e-12
1224.7606 1.7682343e-14 1.6034114e-07 4.617846e-13 2.1723536e-13 4.961486e-12
1225.8121 1.800117e-14 1.6405818e-07 4.704991e-13 2.2058988e-13 7.16209e-12
1226.8645 1.8278476e-14 1.6758484e-07 4.7758645e-13 2.2325776e-13 9.7279875e-12
1227.9178 1.855594e-14 1.7111226e-07 4.8468017e-13 2.2592831e-13 1.2292534e-11
1228.972 1.883358e-14 1.7464042e-07 4.917805e-13 2.2860167e-13 1.4855646e-11
1230.0272 1.9111272e-14 1.7816895e-07 4.9888284e-13 2.3127588e-13 1.741842e-11
1231.0833 1.9389003e-14 1.81698e-07 5.059855e-13 2.3395042e-13 1.9981312e-11
1232.1401 1.966686e-14 1.8522864e-07 5.130899e-13 2.36626e-13 2.2544277e-11
1233.198 1.9943957e-14 1.8874955e-07 5.2018345e-13 2.3929475e-13 2.5107461e-11
1234.2567 2.0218168e-14 1.9223341e-07 5.2723564e-13 2.4193728e-13 2.7671235e-11
1235.3164 2.0426394e-14 1.9487044e-07 5.3334306e-13 2.4398127e-13 3.0246767e-11
1236.377 2.0427623e-14 1.9485087e-07 5.364866e-13 2.4414756e-13 3.2859e-11
1237.4385 2.043484e-14 1.9490811e-07 5.397159e-13 2.443681e-13 3.547026e-11
1238.5009 2.0442549e-14 1.9497172e-07 5.429523e-13 2.445932e-13 3.8081503e-11
1239.5641 2.0450406e-14 1.9503716e-07 5.461906e-13 2.4481955e-13 4.0692838e-11
1240.6283 2.0458246e-14 1.9510242e-07 5.494288e-13 2.450458e-13 4.3304377e-11
1241.6935 2.0466093e-14 1.9516777e-07 5.52667e-13 2.4527215e-13 4.5916333e-11
1242.7595 2.047385e-14 1.9523193e-07 5.5590434e-13 2.4549747e-13 4.8526395e-11
1243.8265 2.0481252e-14 1.9529172e-07 5.591387e-13 2.4571908e-13 5.1128962e-11
1244.8944 2.0485265e-14 1.953095e-07 5.623443e-13 2.4590494e-13 5.365908e-11
1245.9631 2.0405103e-14 1.9428329e-07 5.648341e-13 2.4520224e-13 5.43866e-11
1247.0328 2.0313393e-14 1.9311392e-07 5.6722574e-13 2.4437765e-13 5.486693e-11
1248.1035 2.0220647e-14 1.9193162e-07 5.696085e-13 2.4354208e-13 5.532514e-11
1249.175 2.0127607e-14 1.9074575e-07 5.7198875e-13 2.4270348e-13 5.5777234e-11
1250.2476 2.0034604e-14 1.8956037e-07 5.743692e-13 2.4186526e-13 5.6230184e-11
1251.3209 1.9941626e-14 1.8837524e-07 5.7674937e-13 2.410272e-13 5.6683398e-11
1252.3953 1.9848631e-14 1.8718971e-07 5.791322e-13 2.4018922e-13 5.7138055e-11
1253.4705 1.9755566e-14 1.8600252e-07 5.815251e-13 2.3935145e-13 5.759749e-11
1254.5466 1.9661832e-14 1.8479939e-07 5.840135e-13 2.3851556e-13 5.810097e-11
1255.6237 1.9590468e-14 1.8412901e-07 5.833073e-13 2.3761554e-13 5.713518e-11
1256.7017 1.953445e-14 1.8382404e-07 5.8040936e-13 2.3667147e-13 5.5161497e-11
1257.7806 1.9478129e-14 1.835119e-07 5.775546e-13 2.3572824e-13 5.3207813e-11
1258.8605 1.9421725e-14 1.8319776e-07 5.7471215e-13 2.3478528e-13 5.1259857e-11
1259.9413 1.9365336e-14 1.8288391e-07 5.7186845e-13 2.3384232e-13 4.931143e-11
1261.023 1.930896e-14 1.8257025e-07 5.690253e-13 2.3289947e-13 4.7363148e-11
1262.1056 1.9252525e-14 1.8225603e-07 5.6617477e-13 2.3195595e-13 4.541318e-11
1263.1892 1.9195862e-14 1.8193954e-07 5.632968e-13 2.310099e-13 4.3456537e-11
1264.2737 1.9137976e-14 1.816111e-07 5.6027443e-13 2.300505e-13 4.1464106e-11
1265.3591 1.9153785e-14 1.8200356e-07 5.6597045e-13 2.2989615e-13 4.164245e-11
1266.4454 1.937027e-14 1.8435907e-07 5.954066e-13 2.3193405e-13 4.773153e-11
1267.5328 1.957559e-14 1.8660533e-07 6.235218e-13 2.338499e-13 5.349191e-11
1268.621 1.9777792e-14 1.8882109e-07 6.5126794e-13 2.3573174e-13 5.916059e-11
1269.7102 1.9980406e-14 1.9104084e-07 6.7906255e-13 2.37618e-13 6.484153e-11
1270.8003 2.0183186e-14 1.932622e-07 7.06877e-13 2.3950611e-13 7.0527556e-11
1271.8914 2.0386023e-14 1.9548409e-07 7.34696e-13 2.4139477e-13 7.6215284e-11
1272.9833 2.0588889e-14 1.9770631e-07 7.6251104e-13 2.4328372e-13 8.1903734e-11
1274.0762 2.0791665e-14 1.9992757e-07 7.9033394e-13 2.4517175e-13 8.759061e-11
1275.17 2.0969564e-14 2.0188313e-07 8.20437e-13 2.4680388e-13 9.278959e-11
1276.2648 2.0991508e-14 2.0217334e-07 8.64834e-13 2.4683193e-13 9.492893e-11
1277.3606 2.1014643e-14 2.0247634e-07 9.091214e-13 2.4687227e-13 9.7092e-11
1278.4572 2.1039016e-14 2.0279252e-07 9.532958e-13 2.4692528e-13 9.927951e-11
1279.5548 2.106323e-14 2.0310694e-07 9.974854e-13 2.4697665e-13 1.0146409e-10
1280.6533 2.108738e-14 2.0342073e-07 1.0416811e-12 2.4702736e-13 1.03647674e-10
1281.7528 2.1111493e-14 2.0373403e-07 1.0858769e-12 2.4707767e-13 1.0583095e-10
1282.8533 2.1135513e-14 2.0404627e-07 1.1300661e-12 2.4712724e-13 1.0801367e-10
1283.9547 2.1158924e-14 2.0435151e-07 1.1742147e-12 2.4717172e-13 1.1019106e-10
1285.057 2.1139503e-14 2.0416607e-07 1.2155166e-12 2.4686113e-13 1.1197224e-10
1286.1603 2.0741648e-14 1.9964592e-07 1.2316711e-12 2.4341336e-13 1.1024773e-10
1287.2645 2.0323566e-14 1.9489408e-07 1.2464813e-12 2.3979793e-13 1.08336166e-10
1288.3696 1.9904519e-14 1.901312e-07 1.2612278e-12 2.361745e-13 1.0641576e-10
1289.4758 1.94856e-14 1.8536974e-07 1.2759829e-12 2.325521e-13 1.04496585e-10
1290.5829 1.9066724e-14 1.8060882e-07 1.2907424e-12 2.289301e-13 1.02577946e-10
1291.6909 1.8647901e-14 1.7584854e-07 1.3054975e-12 2.2530851e-13 1.00659474e-10
1292.7998 1.8229226e-14 1.710901e-07 1.3202322e-12 2.2168816e-13 9.874104e-11
1293.9098 1.7811273e-14 1.6634061e-07 1.3348699e-12 2.1807369e-13 9.6822654e-11
1295.0206 1.742936e-14 1.6203776e-07 1.3446756e-12 2.1475298e-13 9.4903974e-11
1296.1324 1.7415379e-14 1.6229491e-07 1.3051463e-12 2.1443162e-13 9.29819e-11
1297.2452 1.7428487e-14 1.6288777e-07 1.261985e-12 2.1433106e-13 9.105963e-11
1298.359 1.7443778e-14 1.6350766e-07 1.2185311e-12 2.142483e-13 8.913741e-11
1299.4738 1.7458774e-14 1.6412393e-07 1.1751161e-12 2.1416312e-13 8.721524e-11
1300.5894 1.747365e-14 1.647387e-07 1.1317155e-12 2.1407698e-13 8.52931e-11
1301.7059 1.748851e-14 1.6535323e-07 1.0883271e-12 2.1399072e-13 8.3371324e-11
1302.8235 1.7503431e-14 1.6596843e-07 1.0449684e-12 2.13905e-13 8.1450756e-11
1303.942 1.7518745e-14 1.6658764e-07 1.001812e-12 2.1382277e-13 7.9537876e-11
1305.0615 1.7562793e-14 1.675007e-07 9.735853e-13 2.1399604e-13 7.818591e-11
1306.182 1.785751e-14 1.7097742e-07 1.0756004e-12 2.1639824e-13 8.1726695e-11
1307.3035 1.8165143e-14 1.7458623e-07 1.1843269e-12 2.1891526e-13 8.551968e-11
1308.4258 1.847331e-14 1.7820048e-07 1.2933289e-12 2.21437e-13 8.932309e-11
1309.5491 1.8781404e-14 1.8181397e-07 1.402293e-12 2.2395811e-13 9.312516e-11
1310.6735 1.9089466e-14 1.8542711e-07 1.5112421e-12 2.2647892e-13 9.692674e-11
1311.7987 1.939755e-14 1.8904048e-07 1.6201902e-12 2.2899987e-13 1.0072843e-10
1312.9249 1.9705734e-14 1.9265502e-07 1.7291517e-12 2.3152167e-13 1.0453094e-10
1314.0521 2.0013747e-14 1.9626751e-07 1.8380907e-12 2.34042e-13 1.083323e-10
1315.1803 2.0260818e-14 1.9914889e-07 1.9391491e-12 2.3603805e-13 1.1169676e-10
1316.3094 2.0130533e-14 1.975034e-07 1.9914107e-12 2.3478786e-13 1.12355694e-10
1317.4396 2.0004142e-14 1.959046e-07 2.0441756e-12 2.335712e-13 1.1304261e-10
1318.5706 1.9880914e-14 1.9434373e-07 2.0973488e-12 2.323817e-13 1.1375226e-10
1319.7026 1.9757252e-14 1.9277769e-07 2.150466e-12 2.3118844e-13 1.1445887e-10
1320.8357 1.9633417e-14 1.912096e-07 2.2035587e-12 2.2999376e-13 1.15164225e-10
1321.9697 1.9509562e-14 1.8964109e-07 2.2566606e-12 2.2879889e-13 1.1587007e-10
1323.1046 1.938579e-14 1.8807314e-07 2.3098188e-12 2.2760477e-13 1.1657883e-10
1324.2406 1.9262439e-14 1.8650786e-07 2.3632706e-12 2.264147e-13 1.1730227e-10
1325.3774 1.9114203e-14 1.8478573e-07 2.3992212e-12 2.2498782e-13 1.1715554e-10
1326.5154 1.889874e-14 1.8263987e-07 2.3878946e-12 2.2292137e-13 1.1465801e-10
1327.6543 1.8687034e-14 1.8051767e-07 2.3792101e-12 2.2089066e-13 1.1229197e-10
1328.7941 1.847637e-14 1.7840206e-07 2.3712577e-12 2.1886987e-13 1.09962414e-10
1329.9349 1.8265578e-14 1.762857e-07 2.3632086e-12 2.1684782e-13 1.0762813e-10
1331.0768 1.805476e-14 1.7416927e-07 2.35513e-12 2.1482554e-13 1.0529245e-10
1332.2195 1.7843713e-14 1.7205059e-07 2.3469757e-12 2.1280119e-13 1.0295333e-10
1333.3633 1.7631867e-14 1.6992375e-07 2.3385805e-12 2.1076974e-13 1.006032e-10
1334.508 1.7412324e-14 1.677183e-07 2.3278517e-12 2.086696e-13 9.814544e-11
1335.6538 1.7458003e-14 1.6822118e-07 2.3975338e-12 2.0893549e-13 9.939971e-11
1336.8004 1.769464e-14 1.70674e-07 2.5251105e-12 2.1090489e-13 1.03326604e-10
1337.9481 1.7927156e-14 1.7308473e-07 2.651437e-12 2.1283748e-13 1.0719592e-10
1339.0968 1.8158543e-14 1.7548386e-07 2.77742e-12 2.1475997e-13 1.1104947e-10
1340.2466 1.8390098e-14 1.7788474e-07 2.9034557e-12 2.1668396e-13 1.1490551e-10
1341.3972 1.862175e-14 1.8028653e-07 3.0295224e-12 2.1860875e-13 1.1876296e-10
1342.5488 1.8853222e-14 1.8268652e-07 3.1555108e-12 2.2053198e-13 1.2261796e-10
1343.7014 1.9083962e-14 1.850791e-07 3.2811883e-12 2.2244867e-13 1.2646266e-10
1344.8551 1.930761e-14 1.8740035e-07 3.4038616e-12 2.2430243e-13 1.3020655e-10
1346.0096 1.9278189e-14 1.8717644e-07 3.4193807e-12 2.2391189e-13 1.303514e-10
1347.1653 1.9210841e-14 1.865711e-07 3.4188414e-12 2.23185e-13 1.29957e-10
1348.3219 1.9139963e-14 1.8593025e-07 3.4168074e-12 2.224268e-13 1.2951248e-10
1349.4795 1.9068121e-14 1.8527969e-07 3.4143602e-12 2.2166001e-13 1.2905432e-10
1350.6381 1.8996443e-14 1.8463088e-07 3.4119695e-12 2.2089471e-13 1.285985e-10
1351.7976 1.8924915e-14 1.8398359e-07 3.4095992e-12 2.2013065e-13 1.2814441e-10
1352.9583 1.8852799e-14 1.8332976e-07 3.4072484e-12 2.1936167e-13 1.2768508e-10
1354.1198 1.8778448e-14 1.8265114e-07 3.4049473e-12 2.1857386e-13 1.272052e-10
1355.2823 1.8681222e-14 1.8171842e-07 3.40316e-12 2.1759345e-13 1.2651381e-10
1356.4459 1.8473399e-14 1.7955725e-07 3.403861e-12 2.1568184e-13 1.2479934e-10
1357.6105 1.8268593e-14 1.7742965e-07 3.4044933e-12 2.1379567e-13 1.2311291e-10
1358.7761 1.806404e-14 1.7530483e-07 3.405118e-12 2.119116e-13 1.2142888e-10
1359.9426 1.7859588e-14 1.7318112e-07 3.4057525e-12 2.1002843e-13 1.1974627e-10
1361.1102 1.765525e-14 1.7105852e-07 3.4064305e-12 2.0814631e-13 1.1806602e-10
1362.2788 1.7451242e-14 1.6893915e-07 3.4072265e-12 2.0626728e-13 1.1639227e-10
1363.4484 1.724501e-14 1.6679792e-07 3.4072402e-12 2.0436756e-13 1.1467632e-10
1364.6189 1.7030556e-14 1.6457577e-07 3.4043573e-12 2.0239123e-13 1.1280379e-10
1365.7905 1.6960003e-14 1.637695e-07 3.4521567e-12 2.0175518e-13 1.1367355e-10
1366.9631 1.6940559e-14 1.6346605e-07 3.5179548e-12 2.015951e-13 1.15517304e-10
1368.1367 1.6920298e-14 1.6315457e-07 3.5834634e-12 2.0142739e-13 1.1734556e-10
1369.3113 1.6899866e-14 1.6284135e-07 3.6489076e-12 2.0125809e-13 1.1917065e-10
1370.4869 1.6879396e-14 1.625278e-07 3.7143595e-12 2.0108841e-13 1.2099544e-10
1371.6635 1.6858974e-14 1.622148e-07 3.779905e-12 2.0091905e-13 1.2282221e-10
1372.8412 1.6838656e-14 1.6190316e-07 3.845699e-12 2.0075035e-13 1.2465383e-10
1374.0198 1.6817673e-14 1.6158276e-07 3.9098395e-12 2.0057724e-13 1.2645458e-10
1375.1995 1.6791457e-14 1.6119391e-07 3.961019e-12 2.0036941e-13 1.2801214e-10
1376.3801 1.673826e-14 1.604521e-07 3.9453575e-12 1.9998245e-13 1.2831501e-10
1377.5618 1.6684921e-14 1.5970845e-07 3.929339e-12 1.9959457e-13 1.2861139e-10
1378.7445 1.6631487e-14 1.589635e-07 3.913055e-12 1.9920608e-13 1.2890299e-10
1379.9282 1.657804e-14 1.5821836e-07 3.8966716e-12 1.9881754e-13 1.2919299e-10
1381.1129 1.652442e-14 1.5747105e-07 3.8802906e-12 1.984274e-13 1.2948274e-10
1382.2987 1.6470191e-14 1.5671603e-07 3.864022e-12 1.9803137e-13 1.2977282e-10
1383.4854 1.6414306e-14 1.5594013e-07 3.8480477e-12 1.9761941e-13 1.3006325e-10
1384.6732 1.6370196e-14 1.5531268e-07 3.829992e-12 1.973207e-13 1.3035302e-10
1385.8619 1.5971545e-14 1.5021598e-07 3.874609e-12 1.9361222e-13 1.3066923e-10
1387.0518 1.546751e-14 1.4379087e-07 3.9378544e-12 1.8889023e-13 1.3099326e-10
1388.2427 1.4952048e-14 1.3722173e-07 4.0031195e-12 1.8405832e-13 1.3131819e-10
1389.4346 1.443823e-14 1.3067337e-07 4.0680944e-12 1.792423e-13 1.31643e-10
1390.6274 1.3925056e-14 1.2413314e-07 4.1329574e-12 1.744324e-13 1.3196778e-10
1391.8213 1.3411922e-14 1.1759318e-07 4.197802e-12 1.69623e-13 1.3229276e-10
1393.0162 1.2898297e-14 1.1104613e-07 4.26269e-12 1.6480923e-13 1.3261832e-10
1394.2122 1.238212e-14 1.04461904e-07 4.327796e-12 1.5997282e-13 1.3294699e-10
1395.4092 1.2009547e-14 9.997186e-08 4.3806807e-12 1.5641066e-13 1.331011e-10
1396.6072 1.2001273e-14 1.0079437e-07 4.4025616e-12 1.5608101e-13 1.3281244e-10
1397.8063 1.1972797e-14 1.0132224e-07 4.4261617e-12 1.5557209e-13 1.3254847e-10
1399.0063 1.1938788e-14 1.0176947e-07 4.4502327e-12 1.5501404e-13 1.3229137e-10
1400.2074 1.1905531e-14 1.02227894e-07 4.4742383e-12 1.5446258e-13 1.3203352e-10
1401.4095 1.1872445e-14 1.026895e-07 4.4982256e-12 1.5391247e-13 1.3177567e-10
1402.6128 1.1840333e-14 1.03160545e-07 4.522157e-12 1.5337209e-13 1.3151626e-10
1403.8169 1.1811486e-14 1.03661826e-07 4.545911e-12 1.5286473e-13 1.3125115e-10
1405.0222 1.181658e-14 1.0447821e-07 4.567812e-12 1.5270066e-13 1.3092578e-10
1406.2285 1.216753e-14 1.08505816e-07 4.5708272e-12 1.560346e-13 1.2998516e-10
1407.4358 1.2546318e-14 1.1279186e-07 4.5723226e-12 1.5965007e-13 1.2899554e-10
1408.644 1.2927801e-14 1.17102935e-07 4.573669e-12 1.6329277e-13 1.2800165e-10
1409.8535 1.3309933e-14 1.2141979e-07 4.574992e-12 1.6694195e-13 1.2700754e-10
1411.0638 1.3691628e-14 1.2573182e-07 4.5763814e-12 1.705867e-13 1.2601596e-10
1412.2754 1.4072392e-14 1.300332e-07 4.5779357e-12 1.7422196e-13 1.2502974e-10
1413.4878 1.4459256e-14 1.3440457e-07 4.5783793e-12 1.7791905e-13 1.2401233e-10
1414.7014 1.486822e-14 1.3902952e-07 4.574803e-12 1.8184027e-13 1.2288046e-10
1415.916 1.4908718e-14 1.3942565e-07 4.638268e-12 1.8202388e-13 1.23669e-10
1417.1316 1.4875772e-14 1.3897886e-07 4.7150964e-12 1.814625e-13 1.2484053e-10
1418.3483 1.4843061e-14 1.385347e-07 4.7918835e-12 1.8090344e-13 1.2601113e-10
1419.5659 1.4810625e-14 1.3809365e-07 4.8686224e-12 1.8034711e-13 1.2718063e-10
1420.7847 1.477827e-14 1.3765353e-07 4.9453384e-12 1.7979159e-13 1.2834987e-10
1422.0045 1.4745939e-14 1.3721368e-07 5.0220193e-12 1.7923624e-13 1.2951874e-10
1423.2253 1.4713679e-14 1.367749e-07 5.098603e-12 1.7868161e-13 1.306861e-10
1424.4473 1.468084e-14 1.3632734e-07 5.175973e-12 1.7812096e-13 1.3186845e-10
1425.6702 1.4701156e-14 1.3667714e-07 5.1817175e-12 1.7810891e-13 1.3171311e-10
1426.8942 1.476363e-14 1.3765926e-07 5.1306594e-12 1.7853193e-13 1.3049703e-10
1428.1193 1.4826548e-14 1.3864809e-07 5.0789993e-12 1.7895958e-13 1.2926935e-10
1429.3453 1.4889355e-14 1.3963579e-07 5.0274433e-12 1.7938643e-13 1.2803734e-10
1430.5725 1.4952132e-14 1.4062304e-07 4.9759355e-12 1.7981302e-13 1.2680637e-10
1431.8008 1.5014918e-14 1.4161039e-07 4.924363e-12 1.8023959e-13 1.2557475e-10
1433.03 1.507775e-14 1.4259847e-07 4.8725156e-12 1.8066638e-13 1.2433934e-10
1434.2603 1.5140912e-14 1.4359152e-07 4.818735e-12 1.810948e-13 1.2307638e-10
1435.4917 1.5189061e-14 1.4435653e-07 4.8533443e-12 1.8144957e-13 1.2308232e-10
1436.7241 1.5210072e-14 1.4470929e-07 5.0477513e-12 1.8167114e-13 1.2538208e-10
1437.9576 1.5232448e-14 1.4508262e-07 5.2341686e-12 1.8189935e-13 1.2756718e-10
1439.1921 1.525521e-14 1.4546195e-07 5.41835e-12 1.8212961e-13 1.2972119e-10
1440.4277 1.5277965e-14 1.4584181e-07 5.6026486e-12 1.8236045e-13 1.3188016e-10
1441.6644 1.530116e-14 1.4623656e-07 5.7847347e-12 1.8260077e-13 1.3404249e-10
1442.9021 1.5309841e-14 1.4614113e-07 6.0424855e-12 1.8253284e-13 1.3616103e-10
