skypy/data/spectrum_templates/kcorrect_spec_nl.ecsv
# %ECSV 0.9
# ---
# meta:
#   origin:
#     citation: Michael R. Blanton and Sam Roweis 2007 AJ 133 734
#     bibcode: 2007AJ....133..734B
#     doi: 10.1086/510127
#     website: http://kcorrect.org
#     github: https://github.com/blanton144/kcorrect
# datatype:
# - name: spectral_axis
#   unit: angstrom
#   datatype: float32
# - name: flux_0
#   unit: erg s-1 cm-2 angstrom-1
#   datatype: float32
# - name: flux_1
#   unit: erg s-1 cm-2 angstrom-1
#   datatype: float32
# - name: flux_2
#   unit: erg s-1 cm-2 angstrom-1
#   datatype: float32
# - name: flux_3
#   unit: erg s-1 cm-2 angstrom-1
#   datatype: float32
# - name: flux_4
#   unit: erg s-1 cm-2 angstrom-1
#   datatype: float32
spectral_axis flux_0 flux_1 flux_2 flux_3 flux_4
[from data line 2043]
3465.4802 7.6509415e-13 1.9243375e-08 4.554392e-11 3.006902e-12 1.493007e-10
3468.4556 7.893105e-13 1.9241524e-08 4.6538003e-11 3.1220825e-12 1.5017516e-10
3471.4333 7.873948e-13 1.9253074e-08 4.6477044e-11 3.0868654e-12 1.5004832e-10
3474.4138 7.6202955e-13 1.9245054e-08 4.5468858e-11 2.9296593e-12 1.4888764e-10
3477.3967 7.5056676e-13 1.9189901e-08 4.4958502e-11 2.8649607e-12 1.4738281e-10
3480.382 7.6689235e-13 1.9115438e-08 4.5554338e-11 2.9494874e-12 1.4661747e-10
3483.37 7.8579087e-13 1.9105515e-08 4.631092e-11 3.0322895e-12 1.4731277e-10
3486.3608 7.9271924e-13 1.9166425e-08 4.6599537e-11 3.0416327e-12 1.491886e-10
3489.354 7.8557603e-13 1.9232584e-08 4.617989e-11 2.9727915e-12 1.5091431e-10
3492.3499 7.6929234e-13 1.9242625e-08 4.5157347e-11 2.8886795e-12 1.5147449e-10
3495.3481 7.6231697e-13 1.9155976e-08 4.4510125e-11 2.9116332e-12 1.5100088e-10
3498.3489 7.823526e-13 1.8949414e-08 4.5035566e-11 3.0900601e-12 1.5003743e-10
3501.3525 8.20279e-13 1.867967e-08 4.619259e-11 3.3382266e-12 1.4899114e-10
3504.3584 8.418014e-13 1.8481789e-08 4.6701688e-11 3.462986e-12 1.4798074e-10
3507.3672 8.3548956e-13 1.8387873e-08 4.6277968e-11 3.388256e-12 1.4725483e-10
3510.3784 8.1989466e-13 1.8347436e-08 4.566799e-11 3.2239253e-12 1.4716876e-10
3513.392 8.1673335e-13 1.8368501e-08 4.562249e-11 3.1330962e-12 1.47577e-10
3516.4084 8.3293756e-13 1.8473969e-08 4.6327005e-11 3.1837024e-12 1.4807708e-10
3519.4275 8.427039e-13 1.8586803e-08 4.673393e-11 3.2008723e-12 1.4839656e-10
3522.4492 8.2560873e-13 1.8618254e-08 4.6018307e-11 3.0403317e-12 1.485466e-10
3525.4734 8.1275817e-13 1.8572607e-08 4.534108e-11 2.9233367e-12 1.489163e-10
3528.5 8.339459e-13 1.851723e-08 4.5908097e-11 3.0549224e-12 1.4980832e-10
3531.5293 8.7117645e-13 1.8521169e-08 4.7161528e-11 3.297108e-12 1.506526e-10
3534.5613 9.023668e-13 1.858147e-08 4.830043e-11 3.4909642e-12 1.5067766e-10
3537.596 9.29677e-13 1.8648764e-08 4.941241e-11 3.6290172e-12 1.5033207e-10
3540.633 9.533048e-13 1.8693349e-08 5.0487985e-11 3.7099234e-12 1.5047714e-10
3543.6729 9.67171e-13 1.8715488e-08 5.1147375e-11 3.7353345e-12 1.5103574e-10
3546.7153 9.723189e-13 1.8688322e-08 5.1287207e-11 3.729671e-12 1.5156652e-10
3549.7603 9.70025e-13 1.85921e-08 5.1063098e-11 3.6765135e-12 1.518707e-10
3552.8079 9.610183e-13 1.8489951e-08 5.0576442e-11 3.5780257e-12 1.5191447e-10
3555.8582 9.507525e-13 1.8438822e-08 4.9971846e-11 3.4959713e-12 1.5195585e-10
3558.911 9.440694e-13 1.8426887e-08 4.9548546e-11 3.450474e-12 1.521254e-10
3561.9666 9.299908e-13 1.8399081e-08 4.8975667e-11 3.3423722e-12 1.5213415e-10
3565.0247 8.934621e-13 1.8313026e-08 4.7522607e-11 3.0935844e-12 1.5170341e-10
3568.0852 8.470794e-13 1.814355e-08 4.5522492e-11 2.8270103e-12 1.5052631e-10
3571.1487 8.2088974e-13 1.7881758e-08 4.4203412e-11 2.728613e-12 1.485493e-10
3574.2146 8.2004856e-13 1.7598325e-08 4.392885e-11 2.7743903e-12 1.467866e-10
3577.2832 8.203218e-13 1.7415813e-08 4.3810032e-11 2.7380056e-12 1.4606831e-10
3580.3545 8.0068764e-13 1.7313141e-08 4.302898e-11 2.534714e-12 1.4599084e-10
3583.4285 7.6917124e-13 1.7188789e-08 4.1851796e-11 2.3450348e-12 1.4591393e-10
3586.505 7.595332e-13 1.7049237e-08 4.1435837e-11 2.3680387e-12 1.4573286e-10
3589.584 7.9834636e-13 1.700708e-08 4.2634014e-11 2.6591492e-12 1.4587263e-10
3592.6658 8.701808e-13 1.7080923e-08 4.499137e-11 3.088224e-12 1.4648284e-10
3595.7502 9.365259e-13 1.715117e-08 4.7303928e-11 3.45719e-12 1.4725432e-10
3598.8374 9.690867e-13 1.7164433e-08 4.8500513e-11 3.6314077e-12 1.4797767e-10
3601.9272 9.5556e-13 1.717224e-08 4.804746e-11 3.5353153e-12 1.4836288e-10
3605.0195 9.18006e-13 1.7208066e-08 4.6785215e-11 3.2708552e-12 1.4831184e-10
3608.1145 8.936444e-13 1.7239758e-08 4.600739e-11 3.0833925e-12 1.4823064e-10
3611.2124 8.9463566e-13 1.7251603e-08 4.601386e-11 3.0896824e-12 1.4827449e-10
3614.3127 9.120613e-13 1.7298088e-08 4.6462806e-11 3.1870767e-12 1.484988e-10
3617.4158 9.281393e-13 1.7428325e-08 4.6828333e-11 3.2250396e-12 1.4898416e-10
3620.5215 9.518495e-13 1.758244e-08 4.745417e-11 3.3138449e-12 1.4967283e-10
3623.63 1.0061305e-12 1.7685187e-08 4.9127626e-11 3.6193435e-12 1.5055833e-10
3626.741 1.0537803e-12 1.7726935e-08 5.0648062e-11 3.878743e-12 1.5129999e-10
3629.8545 1.0432539e-12 1.7675129e-08 5.0342265e-11 3.7850426e-12 1.5159671e-10
3632.971 1.0100095e-12 1.7497424e-08 4.926403e-11 3.5728358e-12 1.5159522e-10
3636.09 1.0213458e-12 1.7303082e-08 4.9492334e-11 3.6311412e-12 1.5121772e-10
3639.2117 1.0563643e-12 1.7239158e-08 5.036527e-11 3.8428783e-12 1.5038037e-10
3642.3362 1.0580385e-12 1.726993e-08 5.0165785e-11 3.859947e-12 1.4943474e-10
3645.4631 1.0309667e-12 1.7281513e-08 4.912277e-11 3.67297e-12 1.4870559e-10
3648.593 1.026864e-12 1.7264577e-08 4.8811375e-11 3.6054213e-12 1.4856465e-10
3651.7256 1.073584e-12 1.7242241e-08 5.0052275e-11 3.858966e-12 1.4891581e-10
3654.8606 1.1453969e-12 1.7186672e-08 5.2116415e-11 4.269432e-12 1.4933287e-10
3657.9985 1.1968666e-12 1.708242e-08 5.360341e-11 4.5656855e-12 1.4953067e-10
3661.139 1.2083831e-12 1.6952203e-08 5.3785996e-11 4.6274703e-12 1.494154e-10
3664.2822 1.1937451e-12 1.682727e-08 5.3125903e-11 4.5169996e-12 1.4914425e-10
3667.4282 1.1767576e-12 1.6728814e-08 5.2521827e-11 4.3887506e-12 1.4888228e-10
3670.577 1.1706509e-12 1.666385e-08 5.2309036e-11 4.3408215e-12 1.4868669e-10
3673.7283 1.1660898e-12 1.6601147e-08 5.2075854e-11 4.3196054e-12 1.484464e-10
3676.8823 1.1410853e-12 1.6520577e-08 5.120334e-11 4.184297e-12 1.4799852e-10
3680.039 1.1082592e-12 1.6440808e-08 5.00248e-11 3.9901186e-12 1.4754285e-10
3683.1985 1.0922016e-12 1.6358813e-08 4.9249108e-11 3.8729965e-12 1.4729751e-10
3686.3606 1.0966115e-12 1.6264254e-08 4.9138017e-11 3.851347e-12 1.4732117e-10
3689.5256 1.1293983e-12 1.616859e-08 5.001144e-11 3.9858837e-12 1.4770314e-10
3692.693 1.1783653e-12 1.6078259e-08 5.1525863e-11 4.2204152e-12 1.4813666e-10
3695.8635 1.2159245e-12 1.6013432e-08 5.278499e-11 4.3835512e-12 1.4834407e-10
3699.0366 1.2300704e-12 1.5934974e-08 5.3242626e-11 4.408477e-12 1.4830315e-10
3702.2124 1.195909e-12 1.5707855e-08 5.2036448e-11 4.1774457e-12 1.4754588e-10
3705.3909 1.1261335e-12 1.543058e-08 4.9652962e-11 3.7769436e-12 1.4631527e-10
3708.572 1.0999096e-12 1.5347272e-08 4.8783113e-11 3.644579e-12 1.4575752e-10
3711.756 1.1483163e-12 1.5413722e-08 5.0504646e-11 3.897676e-12 1.4622009e-10
3714.9426 1.2135441e-12 1.5652777e-08 5.3080002e-11 4.074508e-12 1.4789597e-10
3718.132 1.209898e-12 1.5815829e-08 5.321168e-11 3.8124204e-12 1.4843445e-10
3721.3242 1.1577318e-12 1.5676093e-08 5.134181e-11 3.4519976e-12 1.4698265e-10
3724.5193 1.163605e-12 1.5767423e-08 5.204435e-11 3.4340512e-12 1.4822232e-10
3727.7168 1.2068194e-12 1.6142812e-08 5.4513602e-11 3.5273243e-12 1.5187851e-10
3730.9172 1.173874e-12 1.6026839e-08 5.3340835e-11 3.334646e-12 1.5122067e-10
3734.1204 1.0891986e-12 1.5552674e-08 4.9553153e-11 2.9817472e-12 1.472411e-10
3737.3264 1.0999775e-12 1.5757776e-08 5.0178008e-11 2.9211735e-12 1.4927339e-10
3740.535 1.2010886e-12 1.6611743e-08 5.5223406e-11 3.1224678e-12 1.5756475e-10
3743.7463 1.2270679e-12 1.6956681e-08 5.6848373e-11 3.1236233e-12 1.611102e-10
3746.9604 1.1429409e-12 1.6251954e-08 5.2654214e-11 2.9298454e-12 1.547884e-10
3750.1775 1.1047706e-12 1.5377148e-08 4.9677946e-11 2.994941e-12 1.4735929e-10
3753.3972 1.2097044e-12 1.5496582e-08 5.361375e-11 3.3831189e-12 1.4984212e-10
3756.6196 1.342033e-12 1.6393246e-08 6.032163e-11 3.6164672e-12 1.6039602e-10
3759.8447 1.3886773e-12 1.7024469e-08 6.37349e-11 3.5358795e-12 1.6880941e-10
3763.0728 1.3727241e-12 1.6872866e-08 6.300799e-11 3.4505033e-12 1.6868584e-10
3766.3035 1.3186621e-12 1.5968437e-08 5.892492e-11 3.4897905e-12 1.5960516e-10
3769.537 1.265874e-12 1.4866211e-08 5.4439078e-11 3.64879e-12 1.4830538e-10
3772.7734 1.3070799e-12 1.4634372e-08 5.517309e-11 3.925986e-12 1.4647697e-10
3776.0125 1.4655357e-12 1.5567402e-08 6.272201e-11 4.228125e-12 1.5782384e-10
3779.2544 1.6538628e-12 1.6722336e-08 7.2360215e-11 4.4597325e-12 1.7364885e-10
3782.499 1.764839e-12 1.7341298e-08 7.852693e-11 4.5100217e-12 1.8476427e-10
3785.7463 1.7442428e-12 1.7416255e-08 7.875748e-11 4.276415e-12 1.8782076e-10
3788.9966 1.6241018e-12 1.7064878e-08 7.3837735e-11 3.8936415e-12 1.824701e-10
3792.2495 1.463368e-12 1.6172917e-08 6.561983e-11 3.5754245e-12 1.6938102e-10
3795.5054 1.3046918e-12 1.4860899e-08 5.6628285e-11 3.363643e-12 1.5298421e-10
3798.764 1.2532092e-12 1.4082879e-08 5.281388e-11 3.3723276e-12 1.4436982e-10
3802.0254 1.3839173e-12 1.4616432e-08 5.832938e-11 3.667423e-12 1.5164509e-10
3805.2896 1.5961295e-12 1.5791313e-08 6.884645e-11 3.9836654e-12 1.684996e-10
3808.5566 1.755814e-12 1.6678804e-08 7.789975e-11 4.0823503e-12 1.8388317e-10
3811.8264 1.8168608e-12 1.705497e-08 8.271226e-11 3.938897e-12 1.932556e-10
3815.099 1.7992098e-12 1.6906117e-08 8.34314e-11 3.6235186e-12 1.9698859e-10
3818.3745 1.7536669e-12 1.642614e-08 8.1848625e-11 3.296934e-12 1.9677734e-10
3821.6526 1.6801144e-12 1.6154317e-08 7.8309734e-11 3.0284982e-12 1.9358092e-10
3824.9338 1.5618053e-12 1.6191432e-08 7.227596e-11 2.8012716e-12 1.8671127e-10
3828.2175 1.4068204e-12 1.5872114e-08 6.391211e-11 2.6113519e-12 1.7426255e-10
3831.5044 1.2355771e-12 1.48082275e-08 5.442352e-11 2.4679525e-12 1.5683624e-10
3834.7937 1.1146805e-12 1.3677943e-08 4.753715e-11 2.4065298e-12 1.4243572e-10
3838.0862 1.1489711e-12 1.3657798e-08 4.8522505e-11 2.529273e-12 1.4234221e-10
3841.3813 1.3512716e-12 1.4820065e-08 5.797163e-11 2.8839812e-12 1.5739254e-10
3844.6792 1.6142115e-12 1.6060973e-08 7.048611e-11 3.3296495e-12 1.7683632e-10
3847.98 1.8254346e-12 1.6718472e-08 8.061194e-11 3.6192457e-12 1.91728e-10
3851.2837 1.9515028e-12 1.6912699e-08 8.679218e-11 3.6760924e-12 2.0053367e-10
3854.59 2.0076996e-12 1.689582e-08 8.9756855e-11 3.5845385e-12 2.0497327e-10
3857.8994 2.0242577e-12 1.682081e-08 9.069461e-11 3.4633956e-12 2.0703304e-10
3861.2117 2.0477094e-12 1.6680254e-08 9.134938e-11 3.4731233e-12 2.0786865e-10
3864.5266 2.0815023e-12 1.6425227e-08 9.215075e-11 3.5854297e-12 2.074793e-10
3867.8445 2.0807453e-12 1.618286e-08 9.175102e-11 3.588155e-12 2.0605839e-10
3871.1653 2.034269e-12 1.6060364e-08 8.942235e-11 3.5058334e-12 2.0351247e-10
3874.4888 1.9695588e-12 1.6034674e-08 8.5697546e-11 3.4919706e-12 1.9923059e-10
3877.8152 1.8920562e-12 1.5960998e-08 8.076872e-11 3.4995182e-12 1.9229729e-10
3881.1445 1.7641462e-12 1.553762e-08 7.348349e-11 3.4439409e-12 1.8068101e-10
3884.4766 1.5743533e-12 1.4539462e-08 6.366088e-11 3.3628217e-12 1.6353437e-10
3887.8115 1.4158796e-12 1.3387486e-08 5.530406e-11 3.3998006e-12 1.473494e-10
3891.1494 1.4259654e-12 1.3151213e-08 5.457627e-11 3.6779924e-12 1.4434681e-10
3894.4902 1.6009211e-12 1.4146258e-08 6.200776e-11 4.0419434e-12 1.574347e-10
3897.8337 1.8085859e-12 1.5398445e-08 7.1935645e-11 4.258179e-12 1.7598287e-10
3901.1802 1.966654e-12 1.6162353e-08 8.006078e-11 4.306252e-12 1.9081133e-10
3904.5295 2.0861882e-12 1.6473498e-08 8.6167434e-11 4.3298364e-12 2.0075838e-10
3907.8818 2.2077073e-12 1.655845e-08 9.1472e-11 4.4899483e-12 2.074773e-10
3911.2368 2.316627e-12 1.6553974e-08 9.573406e-11 4.72577e-12 2.1184042e-10
3914.5947 2.3535152e-12 1.6479783e-08 9.759383e-11 4.776092e-12 2.1407158e-10
3917.9556 2.3227958e-12 1.6312859e-08 9.7427004e-11 4.5430465e-12 2.1470986e-10
3921.3193 2.2623969e-12 1.6084421e-08 9.6293584e-11 4.1597958e-12 2.1418606e-10
3924.686 2.1283574e-12 1.5890624e-08 9.282373e-11 3.6702256e-12 2.1258022e-10
3928.0554 1.829806e-12 1.5791962e-08 8.40928e-11 2.9739286e-12 2.0836023e-10
3931.4277 1.4492844e-12 1.573002e-08 7.214498e-11 2.2667608e-12 2.0045464e-10
3934.8032 1.2888317e-12 1.5740623e-08 6.6661766e-11 2.0404867e-12 1.9581733e-10
3938.1814 1.5028081e-12 1.5971857e-08 7.3190044e-11 2.4623873e-12 2.0098727e-10
3941.5625 1.8630006e-12 1.6195512e-08 8.397628e-11 3.1566373e-12 2.0839928e-10
3944.9465 2.1150887e-12 1.6176443e-08 9.051603e-11 3.767563e-12 2.1055466e-10
3948.3333 2.2374396e-12 1.6033953e-08 9.2486255e-11 4.253132e-12 2.0878652e-10
3951.7231 2.2794201e-12 1.5904615e-08 9.1829294e-11 4.576997e-12 2.0550611e-10
3955.116 2.2446392e-12 1.5770935e-08 8.8785514e-11 4.623979e-12 2.0054025e-10
3958.5115 2.1017795e-12 1.5510432e-08 8.233906e-11 4.2939276e-12 1.9227372e-10
3961.91 1.8188421e-12 1.4864138e-08 7.1367946e-11 3.5943065e-12 1.780985e-10
3965.3115 1.4375497e-12 1.3677257e-08 5.6953674e-11 2.782045e-12 1.5684908e-10
3968.7158 1.1658081e-12 1.246195e-08 4.590841e-11 2.3557603e-12 1.3736436e-10
3972.1233 1.2350607e-12 1.2237069e-08 4.67531e-11 2.6982474e-12 1.3495847e-10
3975.5334 1.6008574e-12 1.3198943e-08 5.882561e-11 3.618586e-12 1.5076604e-10
3978.9465 2.0148434e-12 1.4380619e-08 7.352724e-11 4.5658833e-12 1.7112428e-10
3982.3625 2.3176502e-12 1.5089773e-08 8.488417e-11 5.2010622e-12 1.8619123e-10
3985.7817 2.5152077e-12 1.5393642e-08 9.258459e-11 5.5802546e-12 1.953519e-10
3989.2036 2.6648794e-12 1.551038e-08 9.817075e-11 5.8532857e-12 2.0146246e-10
3992.6287 2.7737747e-12 1.5517356e-08 1.01981174e-10 6.0231425e-12 2.0618172e-10
3996.0564 2.831449e-12 1.5462277e-08 1.03892055e-10 6.1134097e-12 2.0913617e-10
3999.487 2.8659278e-12 1.5395111e-08 1.04786964e-10 6.2114628e-12 2.1032308e-10
4002.921 2.8932165e-12 1.5272951e-08 1.0538393e-10 6.2719795e-12 2.1067627e-10
4006.3577 2.9256742e-12 1.509008e-08 1.0618289e-10 6.30053e-12 2.1108901e-10
4009.797 2.9981772e-12 1.4986266e-08 1.0789313e-10 6.457034e-12 2.1191514e-10
4013.2397 3.0859477e-12 1.5078282e-08 1.0982423e-10 6.680764e-12 2.130067e-10
4016.6853 3.1566084e-12 1.520342e-08 1.1134283e-10 6.8329123e-12 2.1410614e-10
4020.1338 3.2029646e-12 1.5081309e-08 1.1239136e-10 6.8985984e-12 2.1440517e-10
4023.5852 3.2097107e-12 1.46516e-08 1.12541115e-10 6.8895545e-12 2.1324938e-10
4027.0396 3.1673514e-12 1.4367721e-08 1.11622836e-10 6.7685675e-12 2.1224546e-10
4030.497 3.098921e-12 1.4640567e-08 1.1035574e-10 6.527199e-12 2.1320709e-10
4033.9573 3.0882625e-12 1.5059713e-08 1.1024639e-10 6.4158193e-12 2.1515863e-10
4037.4207 3.1627322e-12 1.5209023e-08 1.1141757e-10 6.5651243e-12 2.1651632e-10
4040.887 3.2044695e-12 1.5179497e-08 1.1164506e-10 6.601368e-12 2.1676312e-10
4044.3562 3.1672477e-12 1.514524e-08 1.10358604e-10 6.3964186e-12 2.1632404e-10
4047.8286 3.1524935e-12 1.5167316e-08 1.0974497e-10 6.3461072e-12 2.1612896e-10
4051.3037 3.1784792e-12 1.5190633e-08 1.101599e-10 6.5159722e-12 2.1648598e-10
4054.782 3.1670565e-12 1.5155775e-08 1.09885e-10 6.5392314e-12 2.1667865e-10
4058.2632 3.134718e-12 1.5070516e-08 1.090016e-10 6.3924708e-12 2.158447e-10
4061.7473 3.1076446e-12 1.49209e-08 1.0773638e-10 6.238429e-12 2.1334393e-10
4065.2346 3.067532e-12 1.46689425e-08 1.05773244e-10 6.127799e-12 2.100114e-10
4068.7246 3.0283087e-12 1.4357167e-08 1.0379037e-10 6.104664e-12 2.0762707e-10
4072.2178 2.9855172e-12 1.412343e-08 1.0186669e-10 6.0940697e-12 2.0610574e-10
4075.714 2.9377531e-12 1.40417e-08 9.985803e-11 6.0919876e-12 2.0468462e-10
4079.2131 2.9325377e-12 1.4046643e-08 9.8572414e-11 6.2406343e-12 2.0329695e-10
4082.7153 2.9824687e-12 1.402415e-08 9.8139843e-11 6.556557e-12 2.0154663e-10
4086.2205 3.0146272e-12 1.3893291e-08 9.684733e-11 6.8411006e-12 1.9829613e-10
4089.7288 2.9675372e-12 1.3652373e-08 9.3196804e-11 6.928932e-12 1.9200799e-10
4093.24 2.7906206e-12 1.3202393e-08 8.592539e-11 6.692705e-12 1.8040126e-10
4096.7544 2.4920309e-12 1.2324277e-08 7.5238385e-11 6.198075e-12 1.6284016e-10
4100.2715 2.216958e-12 1.1278819e-08 6.539698e-11 5.779051e-12 1.4578755e-10
4103.7915 2.1733713e-12 1.0995528e-08 6.326068e-11 5.7738614e-12 1.4180726e-10
4107.315 2.390822e-12 1.1800381e-08 7.042841e-11 6.1278747e-12 1.5438913e-10
4110.8413 2.6812805e-12 1.2821592e-08 8.084906e-11 6.4756043e-12 1.7238913e-10
4114.3706 2.9081772e-12 1.3359886e-08 8.9391265e-11 6.6669053e-12 1.8623177e-10
4117.903 3.0455684e-12 1.34679015e-08 9.491973e-11 6.7245025e-12 1.9464745e-10
4121.4385 3.1123554e-12 1.3459863e-08 9.8034615e-11 6.7006635e-12 1.9930592e-10
