skypy/data/spectrum_templates/kcorrect_spec_nl.ecsv
# %ECSV 0.9
# ---
# meta:
#   origin:
#     citation: Michael R. Blanton and Sam Roweis 2007 AJ 133 734
#     bibcode: 2007AJ....133..734B
#     doi: 10.1086/510127
#     website: http://kcorrect.org
#     github: https://github.com/blanton144/kcorrect
# datatype:
# - name: spectral_axis
#   unit: angstrom
#   datatype: float32
# - name: flux_0
#   unit: erg s-1 cm-2 angstrom-1
#   datatype: float32
# - name: flux_1
#   unit: erg s-1 cm-2 angstrom-1
#   datatype: float32
# - name: flux_2
#   unit: erg s-1 cm-2 angstrom-1
#   datatype: float32
# - name: flux_3
#   unit: erg s-1 cm-2 angstrom-1
#   datatype: float32
# - name: flux_4
#   unit: erg s-1 cm-2 angstrom-1
#   datatype: float32
spectral_axis flux_0 flux_1 flux_2 flux_3 flux_4
[from data line 411]
854.1168 1.20353954e-14 2.6999606e-08 3.1364855e-13 1.6305068e-13 2.6241327e-13
854.8501 1.2011978e-14 2.6990438e-08 3.1302475e-13 1.6271144e-13 2.6189765e-13
855.58405 1.19986766e-14 2.7015622e-08 3.1250932e-13 1.624581e-13 2.6144863e-13
856.3186 1.1993346e-14 2.7067884e-08 3.1207927e-13 1.6227247e-13 2.6105214e-13
857.0538 1.1991383e-14 2.7131582e-08 3.1168533e-13 1.6211548e-13 2.6067787e-13
857.78955 1.1990249e-14 2.7198098e-08 3.1130027e-13 1.6196553e-13 2.6030905e-13
858.526 1.1989249e-14 2.7265068e-08 3.1091666e-13 1.6181671e-13 2.5994113e-13
859.2631 1.19882614e-14 2.7332081e-08 3.105331e-13 1.6166796e-13 2.595732e-13
860.0008 1.19872755e-14 2.7399098e-08 3.1014964e-13 1.6151926e-13 2.592054e-13
860.73914 1.1986288e-14 2.7466116e-08 3.0976613e-13 1.6137056e-13 2.5883755e-13
861.47815 1.1985303e-14 2.7533135e-08 3.0938262e-13 1.6122184e-13 2.5846965e-13
862.2178 1.1984321e-14 2.7600173e-08 3.0899916e-13 1.6107315e-13 2.5810184e-13
862.958 1.1983292e-14 2.7667031e-08 3.0861533e-13 1.6092421e-13 2.5773372e-13
863.6989 1.19818214e-14 2.7732286e-08 3.0822746e-13 1.607726e-13 2.5736265e-13
864.4404 1.1978582e-14 2.7791087e-08 3.0782365e-13 1.6061044e-13 2.5697998e-13
865.18256 1.1971369e-14 2.7835394e-08 3.0738403e-13 1.6042454e-13 2.5657116e-13
865.92535 1.19593454e-14 2.786215e-08 3.0690104e-13 1.6020989e-13 2.5613065e-13
866.6688 1.194435e-14 2.7878082e-08 3.0639122e-13 1.5997749e-13 2.5567054e-13
867.41284 1.1928464e-14 2.789076e-08 3.0587346e-13 1.5973976e-13 2.552046e-13
868.1576 1.19124435e-14 2.7902944e-08 3.053544e-13 1.5950125e-13 2.5473777e-13
868.90295 1.1896405e-14 2.7915064e-08 3.0483523e-13 1.5926262e-13 2.5427083e-13
869.6489 1.1880361e-14 2.7927165e-08 3.0431598e-13 1.5902394e-13 2.5380387e-13
870.39557 1.1864316e-14 2.7939265e-08 3.0379676e-13 1.587853e-13 2.5333688e-13
871.1428 1.1848272e-14 2.7951364e-08 3.0327753e-13 1.5854662e-13 2.5286988e-13
871.89075 1.1832228e-14 2.7963466e-08 3.0275825e-13 1.5830796e-13 2.524029e-13
872.6393 1.1816181e-14 2.7975618e-08 3.0223906e-13 1.5806924e-13 2.5193592e-13
873.3885 1.18000965e-14 2.798826e-08 3.0171932e-13 1.5782964e-13 2.5146885e-13
874.1383 1.17837945e-14 2.8003852e-08 3.0119692e-13 1.5758503e-13 2.5100112e-13
874.8888 1.17668335e-14 2.8028332e-08 3.0066647e-13 1.5732523e-13 2.5053158e-13
875.63995 1.1748877e-14 2.8066218e-08 3.0012383e-13 1.5704251e-13 2.5005922e-13
876.3917 1.1730159e-14 2.8114414e-08 2.9957186e-13 1.567422e-13 2.4958472e-13
877.1441 1.1711127e-14 2.8166843e-08 2.9901607e-13 1.5643467e-13 2.4910938e-13
877.8972 1.1692018e-14 2.822028e-08 2.9845934e-13 1.5612541e-13 2.4863377e-13
878.6509 1.1672897e-14 2.827388e-08 2.9790246e-13 1.5581588e-13 2.4815818e-13
879.4053 1.16537774e-14 2.832749e-08 2.973456e-13 1.555063e-13 2.4768254e-13
880.1603 1.1634656e-14 2.8381104e-08 2.9678872e-13 1.5519675e-13 2.472069e-13
880.9159 1.16155364e-14 2.843472e-08 2.9623187e-13 1.5488721e-13 2.4673132e-13
881.67224 1.1596415e-14 2.8488326e-08 2.9567497e-13 1.5457766e-13 2.462557e-13
882.4292 1.1577294e-14 2.8541896e-08 2.951181e-13 1.5426812e-13 2.457801e-13
883.18677 1.1558172e-14 2.8595073e-08 2.9456147e-13 1.5395897e-13 2.4530462e-13
883.945 1.1539041e-14 2.8645696e-08 2.9400622e-13 1.536521e-13 2.4483e-13
884.7039 1.1519873e-14 2.868777e-08 2.9345536e-13 1.5335283e-13 2.4435814e-13
885.4635 1.1500647e-14 2.8715194e-08 2.9291215e-13 1.5306663e-13 2.4389103e-13
886.2237 1.1481369e-14 2.8729179e-08 2.9237604e-13 1.5279248e-13 2.4342835e-13
886.98456 1.1462061e-14 2.8736359e-08 2.9184345e-13 1.5252436e-13 2.4296786e-13
887.7461 1.1442746e-14 2.8741649e-08 2.9131187e-13 1.5225794e-13 2.42508e-13
888.50824 1.1423432e-14 2.8746667e-08 2.9078045e-13 1.519918e-13 2.4204824e-13
889.27106 1.1404116e-14 2.8751673e-08 2.9024903e-13 1.5172564e-13 2.4158846e-13
890.03455 1.13848e-14 2.8756679e-08 2.8971755e-13 1.5145945e-13 2.4112868e-13
890.79865 1.1365484e-14 2.876169e-08 2.8918613e-13 1.5119331e-13 2.4066895e-13
891.5635 1.1346165e-14 2.876668e-08 2.8865465e-13 1.5092712e-13 2.4020914e-13
892.3289 1.1326844e-14 2.8771646e-08 2.8812318e-13 1.5066091e-13 2.3974933e-13
893.095 1.1307454e-14 2.8776105e-08 2.8759094e-13 1.5039418e-13 2.392891e-13
893.86176 1.1287446e-14 2.8776142e-08 2.8705193e-13 1.5012277e-13 2.3882526e-13
894.62915 1.1265156e-14 2.8759715e-08 2.8648793e-13 1.4983395e-13 2.3834786e-13
895.3973 1.12386415e-14 2.8712858e-08 2.8587769e-13 1.4951296e-13 2.3784542e-13
896.166 1.1207994e-14 2.8636219e-08 2.8522226e-13 1.4916051e-13 2.3731855e-13
896.93536 1.1175176e-14 2.8543932e-08 2.8454303e-13 1.4879152e-13 2.3677883e-13
897.70544 1.1141767e-14 2.8447387e-08 2.8385738e-13 1.4841802e-13 2.362356e-13
898.47614 1.1108283e-14 2.8350303e-08 2.8317087e-13 1.4804396e-13 2.356919e-13
899.24756 1.1074796e-14 2.8253195e-08 2.8248432e-13 1.4766985e-13 2.3514816e-13
900.0196 1.1041308e-14 2.8156096e-08 2.8179778e-13 1.4729578e-13 2.346045e-13
900.7923 1.10078225e-14 2.8059e-08 2.811113e-13 1.469217e-13 2.3406084e-13
901.5657 1.0974333e-14 2.7961887e-08 2.8042472e-13 1.465476e-13 2.3351706e-13
902.33966 1.09408484e-14 2.7864813e-08 2.7973826e-13 1.4617353e-13 2.329736e-13
903.1144 1.0907333e-14 2.7770168e-08 2.7905336e-13 1.4579811e-13 2.3245273e-13
903.8897 1.0873596e-14 2.7695835e-08 2.783825e-13 1.4541184e-13 2.3212026e-13
904.6658 1.0839054e-14 2.7694277e-08 2.7776156e-13 1.4498652e-13 2.3246306e-13
905.44244 1.0803078e-14 2.7822747e-08 2.7722998e-13 1.4449157e-13 2.3401225e-13
906.2198 1.0765747e-14 2.8073957e-08 2.767827e-13 1.4393079e-13 2.3670028e-13
906.99786 1.072773e-14 2.8387348e-08 2.7637807e-13 1.4333668e-13 2.3996522e-13
907.77655 1.0689534e-14 2.8717029e-08 2.759847e-13 1.4273387e-13 2.433813e-13
908.5559 1.0651316e-14 2.9048667e-08 2.7559265e-13 1.4213e-13 2.4681556e-13
909.33594 1.0613094e-14 2.9380374e-08 2.752006e-13 1.4152605e-13 2.5025056e-13
910.11664 1.0574872e-14 2.9712076e-08 2.748085e-13 1.4092208e-13 2.536857e-13
910.898 1.0536658e-14 3.0043886e-08 2.744167e-13 1.4031822e-13 2.5712107e-13
911.68005 1.0498543e-14 3.0376675e-08 2.7402706e-13 1.3971559e-13 2.605578e-13
912.46277 1.0461057e-14 3.0715782e-08 2.7365168e-13 1.391208e-13 2.640033e-13
913.24615 1.0428931e-14 3.1108637e-08 2.7339792e-13 1.385928e-13 2.675238e-13
914.0302 1.0429691e-14 3.1831224e-08 2.7388988e-13 1.3847463e-13 2.7150417e-13
914.81494 1.0534635e-14 3.3598454e-08 2.7674447e-13 1.396548e-13 2.7694153e-13
915.60034 1.0804308e-14 3.701736e-08 2.8333464e-13 1.4288776e-13 2.8468246e-13
916.3864 1.1208558e-14 4.178567e-08 2.929767e-13 1.4779786e-13 2.9430538e-13
917.1732 1.1673285e-14 4.716036e-08 3.0399015e-13 1.5346158e-13 3.04774e-13
917.96063 1.2153839e-14 5.2693746e-08 3.153625e-13 1.5932252e-13 3.1546396e-13
918.7487 1.2636569e-14 5.8248936e-08 3.2678428e-13 1.652106e-13 3.261844e-13
919.53754 1.311922e-14 6.380336e-08 3.382042e-13 1.7109771e-13 3.3690365e-13
920.32697 1.3601769e-14 6.9356744e-08 3.4962186e-13 1.7698354e-13 3.4762156e-13
921.1171 1.40842944e-14 7.4909956e-08 3.6103903e-13 1.828691e-13 3.5833925e-13
921.90796 1.4566815e-14 8.046321e-08 3.7245624e-13 1.8875467e-13 3.690572e-13
922.6994 1.5049422e-14 8.601571e-08 3.8387324e-13 1.9464035e-13 3.7977125e-13
923.4916 1.5532738e-14 9.156104e-08 3.9528756e-13 2.0052644e-13 3.9044983e-13
924.2845 1.6019267e-14 9.707412e-08 4.066898e-13 2.064145e-13 4.0096848e-13
925.078 1.6513775e-14 1.0250714e-07 4.180621e-13 2.1230745e-13 4.1109032e-13
925.8722 1.7018788e-14 1.0783473e-07 4.29395e-13 2.1820685e-13 4.206895e-13
926.6671 1.7530885e-14 1.1309114e-07 4.4070124e-13 2.241106e-13 4.2993593e-13
927.4627 1.8045422e-14 1.1832309e-07 4.5199836e-13 2.3001585e-13 4.3906111e-13
928.259 1.8560403e-14 1.2355056e-07 4.6329374e-13 2.3592134e-13 4.4816405e-13
929.0559 1.9075438e-14 1.2877753e-07 4.74589e-13 2.4182688e-13 4.5726443e-13
929.8535 1.9590481e-14 1.3400442e-07 4.858843e-13 2.4773247e-13 4.663645e-13
930.65186 2.0105513e-14 1.392312e-07 4.9717945e-13 2.5363785e-13 4.7546515e-13
931.45087 2.062052e-14 1.4445781e-07 5.084745e-13 2.5954307e-13 4.845673e-13
932.25055 2.1135495e-14 1.4968421e-07 5.197694e-13 2.6544785e-13 4.9367146e-13
933.0509 2.1649688e-14 1.5490494e-07 5.310605e-13 2.713442e-13 5.0282337e-13
933.852 2.2156593e-14 1.6007282e-07 5.423165e-13 2.7716113e-13 5.124222e-13
934.65375 2.2636374e-14 1.6504414e-07 5.5344195e-13 2.8268276e-13 5.2368364e-13
935.4562 2.3067453e-14 1.6966253e-07 5.643329e-13 2.876742e-13 5.379303e-13
936.25934 2.3452877e-14 1.7395004e-07 5.750041e-13 2.9216855e-13 5.549752e-13
937.0631 2.3815358e-14 1.7807126e-07 5.8556485e-13 2.9641318e-13 5.734269e-13
937.8676 2.4171798e-14 1.8214871e-07 5.9609647e-13 3.00592e-13 5.922486e-13
938.67285 2.4527484e-14 1.8622069e-07 6.066244e-13 3.047626e-13 6.111163e-13
939.4787 2.4883148e-14 1.9029252e-07 6.171523e-13 3.0893297e-13 6.299855e-13
940.2853 2.5238822e-14 1.9436449e-07 6.276804e-13 3.131035e-13 6.488536e-13
941.0926 2.5594503e-14 1.9843654e-07 6.3820883e-13 3.172741e-13 6.6771957e-13
941.9006 2.5950127e-14 2.0250776e-07 6.4873513e-13 3.2144388e-13 6.865971e-13
942.7092 2.6305111e-14 2.0656944e-07 6.5923845e-13 3.2560513e-13 7.0560344e-13
943.51855 2.6656284e-14 2.1057438e-07 6.696042e-13 3.2971526e-13 7.253758e-13
944.3286 2.6992392e-14 2.1435505e-07 6.7942646e-13 3.3362324e-13 7.4817594e-13
945.13934 2.7292906e-14 2.1760587e-07 6.8796466e-13 3.3705368e-13 7.7812876e-13
945.9508 2.7547846e-14 2.2017821e-07 6.948586e-13 3.3987272e-13 8.172413e-13
946.76294 2.7772858e-14 2.2230503e-07 7.0067286e-13 3.422902e-13 8.623681e-13
947.57574 2.7988035e-14 2.242854e-07 7.0613226e-13 3.4457574e-13 9.094724e-13
948.3893 2.8201576e-14 2.2624145e-07 7.1153267e-13 3.468393e-13 9.569047e-13
949.20355 2.8414969e-14 2.2819529e-07 7.1692766e-13 3.4910088e-13 1.0043665e-12
950.0185 2.862836e-14 2.3014906e-07 7.2232254e-13 3.513624e-13 1.0518304e-12
950.8341 2.884175e-14 2.3210282e-07 7.277173e-13 3.5362395e-13 1.0992944e-12
951.65045 2.9055114e-14 2.3405637e-07 7.331121e-13 3.5588532e-13 1.1467561e-12
952.46747 2.9268105e-14 2.3600636e-07 7.385059e-13 3.5814431e-13 1.1941832e-12
953.2852 2.947781e-14 2.3792549e-07 7.4389057e-13 3.603823e-13 1.2413124e-12
954.10364 2.9670067e-14 2.3968067e-07 7.492274e-13 3.6250882e-13 1.2868567e-12
954.9228 2.9812416e-14 2.4096673e-07 7.5442734e-13 3.6431654e-13 1.3278672e-12
955.7426 2.9881693e-14 2.4156603e-07 7.594269e-13 3.6565748e-13 1.3622401e-12
956.5632 2.9896157e-14 2.4165016e-07 7.6427607e-13 3.666482e-13 1.3916339e-12
957.3844 2.988875e-14 2.4152874e-07 7.690653e-13 3.6749935e-13 1.4190413e-12
958.20636 2.9876302e-14 2.413599e-07 7.738408e-13 3.6831817e-13 1.44599e-12
959.029 2.986308e-14 2.411838e-07 7.78614e-13 3.691321e-13 1.4728689e-12
959.85236 2.9849776e-14 2.4100692e-07 7.8338686e-13 3.6994548e-13 1.4997402e-12
960.67645 2.9836458e-14 2.408299e-07 7.8815936e-13 3.7075868e-13 1.5266108e-12
961.5012 2.9823186e-14 2.4065338e-07 7.9293283e-13 3.7157235e-13 1.5534849e-12
962.3267 2.9809675e-14 2.4047372e-07 7.976995e-13 3.7238314e-13 1.5803379e-12
963.1529 2.9786872e-14 2.40173e-07 8.0220195e-13 3.7308297e-13 1.6063765e-12
963.9798 2.969288e-14 2.389439e-07 8.046778e-13 3.7293167e-13 1.6261695e-12
964.80743 2.936377e-14 2.3464898e-07 8.0046137e-13 3.6996968e-13 1.625338e-12
965.63574 2.8663083e-14 2.255088e-07 7.8566835e-13 3.6256564e-13 1.5919108e-12
966.4648 2.7665765e-14 2.1250064e-07 7.62432e-13 3.5161552e-13 1.5324626e-12
967.29456 2.6541227e-14 1.9783359e-07 7.355746e-13 3.3914454e-13 1.4618547e-12
968.125 2.5384652e-14 1.8274875e-07 7.0780507e-13 3.2629056e-13 1.388436e-12
968.9562 2.4222759e-14 1.6759458e-07 6.798842e-13 3.1337303e-13 1.3145511e-12
969.7881 2.3060323e-14 1.5243334e-07 6.5194795e-13 3.0044898e-13 1.2406194e-12
970.62067 2.189794e-14 1.372728e-07 6.2401327e-13 2.875256e-13 1.1666938e-12
971.454 2.0735512e-14 1.2211167e-07 5.960772e-13 2.7460166e-13 1.0927592e-12
972.288 1.957322e-14 1.0695231e-07 5.681451e-13 2.6167935e-13 1.0188455e-12
973.1228 1.8423763e-14 9.195974e-08 5.405847e-13 2.4890997e-13 9.469227e-13
973.95825 1.7378035e-14 7.8315296e-08 5.1602884e-13 2.3737688e-13 8.91091e-13
974.79443 1.6680217e-14 6.919235e-08 5.015499e-13 2.299901e-13 8.892283e-13
975.63135 1.6536345e-14 6.726865e-08 5.0311567e-13 2.2920514e-13 9.732962e-13
976.46893 1.6837238e-14 7.112525e-08 5.175638e-13 2.3372087e-13 1.1263579e-12
977.3073 1.7330125e-14 7.747704e-08 5.375728e-13 2.405247e-13 1.3092023e-12
978.14636 1.7871738e-14 8.446214e-08 5.589933e-13 2.4790928e-13 1.499606e-12
978.98615 1.8421501e-14 9.1553105e-08 5.8064973e-13 2.5539095e-13 1.6912733e-12
979.82666 1.8972115e-14 9.865513e-08 6.0233085e-13 2.628828e-13 1.883072e-12
980.66785 1.9522685e-14 1.0575658e-07 6.2401077e-13 2.7037414e-13 2.0748629e-12
981.5098 2.0073165e-14 1.1285697e-07 6.456875e-13 2.7786424e-13 2.2666524e-12
982.3525 2.0622914e-14 1.1994973e-07 6.6733283e-13 2.853437e-13 2.4585477e-12
983.19586 2.1165322e-14 1.2696583e-07 6.886613e-13 2.9271534e-13 2.6515272e-12
984.04 2.1665316e-14 1.3353927e-07 7.0815993e-13 2.9946436e-13 2.850769e-12
984.8848 2.203915e-14 1.3879594e-07 7.2221515e-13 3.043613e-13 3.0686384e-12
985.7304 2.2224078e-14 1.420809e-07 7.2811993e-13 3.06485e-13 3.3143995e-12
986.57666 2.2264534e-14 1.4385796e-07 7.277913e-13 3.0648788e-13 3.5814923e-12
987.4237 2.2245948e-14 1.4501879e-07 7.249153e-13 3.0562396e-13 3.8573016e-12
988.2714 2.221331e-14 1.4603296e-07 7.214331e-13 3.0455377e-13 4.1351857e-12
989.1199 2.217846e-14 1.47024e-07 7.178553e-13 3.0345108e-13 4.4133976e-12
989.9691 2.2143372e-14 1.4801259e-07 7.142675e-13 3.0234493e-13 4.6916485e-12
990.81903 2.2108278e-14 1.4900111e-07 7.1068e-13 3.0123882e-13 4.969911e-12
991.6697 2.2073328e-14 1.4999115e-07 7.070959e-13 3.0013432e-13 5.2480884e-12
992.52106 2.203986e-14 1.5099728e-07 7.035464e-13 2.9904622e-13 5.525307e-12
993.3732 2.2015769e-14 1.5210493e-07 7.002149e-13 2.9806181e-13 5.7964705e-12
994.2261 2.2031168e-14 1.5364027e-07 6.978016e-13 2.975143e-13 6.0421347e-12
995.07965 2.214451e-14 1.5623634e-07 6.9766594e-13 2.980502e-13 6.2245504e-12
995.93396 2.2388118e-14 1.6024322e-07 7.005592e-13 3.000272e-13 6.322844e-12
996.789 2.2720846e-14 1.6521528e-07 7.055249e-13 3.0299008e-13 6.363586e-12
997.6448 2.30849e-14 1.7052659e-07 7.112189e-13 3.0629942e-13 6.3841024e-12
998.5013 2.3454895e-14 1.7590223e-07 7.17051e-13 3.0967446e-13 6.4007827e-12
999.3586 2.3825587e-14 1.8128543e-07 7.228994e-13 3.1305728e-13 6.417008e-12
1000.21655 2.4196335e-14 1.8666921e-07 7.2874904e-13 3.1644067e-13 6.4331917e-12
1001.07526 2.4567057e-14 1.9205271e-07 7.3459804e-13 3.1982384e-13 6.4493593e-12
1001.93475 2.4937697e-14 1.9743499e-07 7.4044454e-13 3.2320603e-13 6.465438e-12
1002.7949 2.530695e-14 2.0279765e-07 7.4625164e-13 3.2657278e-13 6.4800136e-12
1003.6559 2.5665297e-14 2.0800596e-07 7.517472e-13 3.2981801e-13 6.4827683e-12
1004.5176 2.5982854e-14 2.1263699e-07 7.560781e-13 3.3260875e-13 6.4413123e-12
1005.38 2.6221197e-14 2.1614694e-07 7.5814707e-13 3.345169e-13 6.313995e-12
1006.24316 2.6376743e-14 2.1848508e-07 7.578518e-13 3.3550246e-13 6.0969307e-12
1007.10706 2.6486212e-14 2.2017113e-07 7.5624083e-13 3.3597466e-13 5.8299242e-12
1007.9717 2.6582667e-14 2.2167308e-07 7.542584e-13 3.363019e-13 5.548815e-12
1008.8371 2.667744e-14 2.231511e-07 7.5222776e-13 3.366103e-13 5.265877e-12
1009.7032 2.6772152e-14 2.2462831e-07 7.5019553e-13 3.369181e-13 4.982876e-12
1010.57007 2.6866847e-14 2.261054e-07 7.481627e-13 3.3722564e-13 4.699882e-12
1011.4377 2.6961462e-14 2.2758175e-07 7.461276e-13 3.3753228e-13 4.416895e-12
1012.306 2.7055298e-14 2.2905084e-07 7.440693e-13 3.3782935e-13 4.1339796e-12
1013.1752 2.7140306e-14 2.3043798e-07 7.417492e-13 3.380188e-13 3.8518832e-12
1014.04504 2.7172102e-14 2.3133101e-07 7.378509e-13 3.3755952e-13 3.5747304e-12
1014.9156 2.7044966e-14 2.3074846e-07 7.2923904e-13 3.3516253e-13 3.3123409e-12
1015.787 2.6681951e-14 2.2797578e-07 7.136314e-13 3.298898e-13 3.07186e-12
1016.65906 2.6142335e-14 2.2356336e-07 6.92786e-13 3.2246384e-13 2.847785e-12
